timestamp,log_type,message,stacktrace
0,Exception,IndexOutOfRangeException: Index was outside the bounds of the array.,SimpleController.FixedUpdate () (at <a8210e2c524f4006b7abbb82895ebd2e>:0).  
0.02,Exception,IndexOutOfRangeException: Index was outside the bounds of the array.,SimpleController.FixedUpdate () (at <a8210e2c524f4006b7abbb82895ebd2e>:0).  
0.04,Exception,IndexOutOfRangeException: Index was outside the bounds of the array.,SimpleController.FixedUpdate () (at <a8210e2c524f4006b7abbb82895ebd2e>:0).  
0.06,Exception,IndexOutOfRangeException: Index was outside the bounds of the array.,SimpleController.FixedUpdate () (at <a8210e2c524f4006b7abbb82895ebd2e>:0).  
0.08,Exception,IndexOutOfRangeException: Index was outside the bounds of the array.,SimpleController.FixedUpdate () (at <a8210e2c524f4006b7abbb82895ebd2e>:0).  
0.09999999,Exception,IndexOutOfRangeException: Index was outside the bounds of the array.,SimpleController.FixedUpdate () (at <a8210e2c524f4006b7abbb82895ebd2e>:0).  
0.12,Exception,IndexOutOfRangeException: Index was outside the bounds of the array.,SimpleController.FixedUpdate () (at <a8210e2c524f4006b7abbb82895ebd2e>:0).  
0.14,Exception,IndexOutOfRangeException: Index was outside the bounds of the array.,SimpleController.FixedUpdate () (at <a8210e2c524f4006b7abbb82895ebd2e>:0).  
0.16,Exception,IndexOutOfRangeException: Index was outside the bounds of the array.,SimpleController.FixedUpdate () (at <a8210e2c524f4006b7abbb82895ebd2e>:0).  
0.18,Exception,IndexOutOfRangeException: Index was outside the bounds of the array.,SimpleController.FixedUpdate () (at <a8210e2c524f4006b7abbb82895ebd2e>:0).  
0.2,Exception,IndexOutOfRangeException: Index was outside the bounds of the array.,SimpleController.FixedUpdate () (at <a8210e2c524f4006b7abbb82895ebd2e>:0).  
0.22,Exception,IndexOutOfRangeException: Index was outside the bounds of the array.,SimpleController.FixedUpdate () (at <a8210e2c524f4006b7abbb82895ebd2e>:0).  
0.24,Exception,IndexOutOfRangeException: Index was outside the bounds of the array.,SimpleController.FixedUpdate () (at <a8210e2c524f4006b7abbb82895ebd2e>:0).  
0.26,Exception,IndexOutOfRangeException: Index was outside the bounds of the array.,SimpleController.FixedUpdate () (at <a8210e2c524f4006b7abbb82895ebd2e>:0).  
0.28,Exception,IndexOutOfRangeException: Index was outside the bounds of the array.,SimpleController.FixedUpdate () (at <a8210e2c524f4006b7abbb82895ebd2e>:0).  
0.3,Exception,IndexOutOfRangeException: Index was outside the bounds of the array.,SimpleController.FixedUpdate () (at <a8210e2c524f4006b7abbb82895ebd2e>:0).  
0.32,Exception,IndexOutOfRangeException: Index was outside the bounds of the array.,SimpleController.FixedUpdate () (at <a8210e2c524f4006b7abbb82895ebd2e>:0).  
0.34,Exception,IndexOutOfRangeException: Index was outside the bounds of the array.,SimpleController.FixedUpdate () (at <a8210e2c524f4006b7abbb82895ebd2e>:0).  
0.36,Exception,IndexOutOfRangeException: Index was outside the bounds of the array.,SimpleController.FixedUpdate () (at <a8210e2c524f4006b7abbb82895ebd2e>:0).  
0.38,Exception,IndexOutOfRangeException: Index was outside the bounds of the array.,SimpleController.FixedUpdate () (at <a8210e2c524f4006b7abbb82895ebd2e>:0).  
0.4,Exception,IndexOutOfRangeException: Index was outside the bounds of the array.,SimpleController.FixedUpdate () (at <a8210e2c524f4006b7abbb82895ebd2e>:0).  
0.42,Exception,IndexOutOfRangeException: Index was outside the bounds of the array.,SimpleController.FixedUpdate () (at <a8210e2c524f4006b7abbb82895ebd2e>:0).  
0.44,Exception,IndexOutOfRangeException: Index was outside the bounds of the array.,SimpleController.FixedUpdate () (at <a8210e2c524f4006b7abbb82895ebd2e>:0).  
0.46,Exception,IndexOutOfRangeException: Index was outside the bounds of the array.,SimpleController.FixedUpdate () (at <a8210e2c524f4006b7abbb82895ebd2e>:0).  
0.48,Exception,IndexOutOfRangeException: Index was outside the bounds of the array.,SimpleController.FixedUpdate () (at <a8210e2c524f4006b7abbb82895ebd2e>:0).  
0.5,Exception,IndexOutOfRangeException: Index was outside the bounds of the array.,SimpleController.FixedUpdate () (at <a8210e2c524f4006b7abbb82895ebd2e>:0).  
0.52,Exception,IndexOutOfRangeException: Index was outside the bounds of the array.,SimpleController.FixedUpdate () (at <a8210e2c524f4006b7abbb82895ebd2e>:0).  
0.54,Exception,IndexOutOfRangeException: Index was outside the bounds of the array.,SimpleController.FixedUpdate () (at <a8210e2c524f4006b7abbb82895ebd2e>:0).  
0.56,Exception,IndexOutOfRangeException: Index was outside the bounds of the array.,SimpleController.FixedUpdate () (at <a8210e2c524f4006b7abbb82895ebd2e>:0).  
0.58,Exception,IndexOutOfRangeException: Index was outside the bounds of the array.,SimpleController.FixedUpdate () (at <a8210e2c524f4006b7abbb82895ebd2e>:0).  
0.6,Exception,IndexOutOfRangeException: Index was outside the bounds of the array.,SimpleController.FixedUpdate () (at <a8210e2c524f4006b7abbb82895ebd2e>:0).  
0.62,Exception,IndexOutOfRangeException: Index was outside the bounds of the array.,SimpleController.FixedUpdate () (at <a8210e2c524f4006b7abbb82895ebd2e>:0).  
0.64,Exception,IndexOutOfRangeException: Index was outside the bounds of the array.,SimpleController.FixedUpdate () (at <a8210e2c524f4006b7abbb82895ebd2e>:0).  
0.66,Exception,IndexOutOfRangeException: Index was outside the bounds of the array.,SimpleController.FixedUpdate () (at <a8210e2c524f4006b7abbb82895ebd2e>:0).  
0.68,Exception,IndexOutOfRangeException: Index was outside the bounds of the array.,SimpleController.FixedUpdate () (at <a8210e2c524f4006b7abbb82895ebd2e>:0).  
0.7,Exception,IndexOutOfRangeException: Index was outside the bounds of the array.,SimpleController.FixedUpdate () (at <a8210e2c524f4006b7abbb82895ebd2e>:0).  
0.72,Exception,IndexOutOfRangeException: Index was outside the bounds of the array.,SimpleController.FixedUpdate () (at <a8210e2c524f4006b7abbb82895ebd2e>:0).  
0.74,Exception,IndexOutOfRangeException: Index was outside the bounds of the array.,SimpleController.FixedUpdate () (at <a8210e2c524f4006b7abbb82895ebd2e>:0).  
0.76,Exception,IndexOutOfRangeException: Index was outside the bounds of the array.,SimpleController.FixedUpdate () (at <a8210e2c524f4006b7abbb82895ebd2e>:0).  
0.78,Exception,IndexOutOfRangeException: Index was outside the bounds of the array.,SimpleController.FixedUpdate () (at <a8210e2c524f4006b7abbb82895ebd2e>:0).  
0.8,Exception,IndexOutOfRangeException: Index was outside the bounds of the array.,SimpleController.FixedUpdate () (at <a8210e2c524f4006b7abbb82895ebd2e>:0).  
0.82,Exception,IndexOutOfRangeException: Index was outside the bounds of the array.,SimpleController.FixedUpdate () (at <a8210e2c524f4006b7abbb82895ebd2e>:0).  
0.84,Exception,IndexOutOfRangeException: Index was outside the bounds of the array.,SimpleController.FixedUpdate () (at <a8210e2c524f4006b7abbb82895ebd2e>:0).  
0.86,Exception,IndexOutOfRangeException: Index was outside the bounds of the array.,SimpleController.FixedUpdate () (at <a8210e2c524f4006b7abbb82895ebd2e>:0).  
0.88,Exception,IndexOutOfRangeException: Index was outside the bounds of the array.,SimpleController.FixedUpdate () (at <a8210e2c524f4006b7abbb82895ebd2e>:0).  
0.9,Exception,IndexOutOfRangeException: Index was outside the bounds of the array.,SimpleController.FixedUpdate () (at <a8210e2c524f4006b7abbb82895ebd2e>:0).  
0.92,Exception,IndexOutOfRangeException: Index was outside the bounds of the array.,SimpleController.FixedUpdate () (at <a8210e2c524f4006b7abbb82895ebd2e>:0).  
0.94,Exception,IndexOutOfRangeException: Index was outside the bounds of the array.,SimpleController.FixedUpdate () (at <a8210e2c524f4006b7abbb82895ebd2e>:0).  
0.96,Exception,IndexOutOfRangeException: Index was outside the bounds of the array.,SimpleController.FixedUpdate () (at <a8210e2c524f4006b7abbb82895ebd2e>:0).  
0.98,Exception,IndexOutOfRangeException: Index was outside the bounds of the array.,SimpleController.FixedUpdate () (at <a8210e2c524f4006b7abbb82895ebd2e>:0).  
1,Exception,IndexOutOfRangeException: Index was outside the bounds of the array.,SimpleController.FixedUpdate () (at <a8210e2c524f4006b7abbb82895ebd2e>:0).  
1.02,Exception,IndexOutOfRangeException: Index was outside the bounds of the array.,SimpleController.FixedUpdate () (at <a8210e2c524f4006b7abbb82895ebd2e>:0).  
1.04,Exception,IndexOutOfRangeException: Index was outside the bounds of the array.,SimpleController.FixedUpdate () (at <a8210e2c524f4006b7abbb82895ebd2e>:0).  
1.06,Exception,IndexOutOfRangeException: Index was outside the bounds of the array.,SimpleController.FixedUpdate () (at <a8210e2c524f4006b7abbb82895ebd2e>:0).  
1.08,Exception,IndexOutOfRangeException: Index was outside the bounds of the array.,SimpleController.FixedUpdate () (at <a8210e2c524f4006b7abbb82895ebd2e>:0).  
1.1,Exception,IndexOutOfRangeException: Index was outside the bounds of the array.,SimpleController.FixedUpdate () (at <a8210e2c524f4006b7abbb82895ebd2e>:0).  
1.12,Exception,IndexOutOfRangeException: Index was outside the bounds of the array.,SimpleController.FixedUpdate () (at <a8210e2c524f4006b7abbb82895ebd2e>:0).  
1.14,Exception,IndexOutOfRangeException: Index was outside the bounds of the array.,SimpleController.FixedUpdate () (at <a8210e2c524f4006b7abbb82895ebd2e>:0).  
1.16,Exception,IndexOutOfRangeException: Index was outside the bounds of the array.,SimpleController.FixedUpdate () (at <a8210e2c524f4006b7abbb82895ebd2e>:0).  
1.18,Exception,IndexOutOfRangeException: Index was outside the bounds of the array.,SimpleController.FixedUpdate () (at <a8210e2c524f4006b7abbb82895ebd2e>:0).  
1.2,Exception,IndexOutOfRangeException: Index was outside the bounds of the array.,SimpleController.FixedUpdate () (at <a8210e2c524f4006b7abbb82895ebd2e>:0).  
1.22,Exception,IndexOutOfRangeException: Index was outside the bounds of the array.,SimpleController.FixedUpdate () (at <a8210e2c524f4006b7abbb82895ebd2e>:0).  
1.24,Exception,IndexOutOfRangeException: Index was outside the bounds of the array.,SimpleController.FixedUpdate () (at <a8210e2c524f4006b7abbb82895ebd2e>:0).  
1.26,Exception,IndexOutOfRangeException: Index was outside the bounds of the array.,SimpleController.FixedUpdate () (at <a8210e2c524f4006b7abbb82895ebd2e>:0).  
1.28,Exception,IndexOutOfRangeException: Index was outside the bounds of the array.,SimpleController.FixedUpdate () (at <a8210e2c524f4006b7abbb82895ebd2e>:0).  
1.3,Exception,IndexOutOfRangeException: Index was outside the bounds of the array.,SimpleController.FixedUpdate () (at <a8210e2c524f4006b7abbb82895ebd2e>:0).  
1.32,Exception,IndexOutOfRangeException: Index was outside the bounds of the array.,SimpleController.FixedUpdate () (at <a8210e2c524f4006b7abbb82895ebd2e>:0).  
1.34,Exception,IndexOutOfRangeException: Index was outside the bounds of the array.,SimpleController.FixedUpdate () (at <a8210e2c524f4006b7abbb82895ebd2e>:0).  
1.36,Exception,IndexOutOfRangeException: Index was outside the bounds of the array.,SimpleController.FixedUpdate () (at <a8210e2c524f4006b7abbb82895ebd2e>:0).  
1.38,Exception,IndexOutOfRangeException: Index was outside the bounds of the array.,SimpleController.FixedUpdate () (at <a8210e2c524f4006b7abbb82895ebd2e>:0).  
1.4,Exception,IndexOutOfRangeException: Index was outside the bounds of the array.,SimpleController.FixedUpdate () (at <a8210e2c524f4006b7abbb82895ebd2e>:0).  
1.42,Exception,IndexOutOfRangeException: Index was outside the bounds of the array.,SimpleController.FixedUpdate () (at <a8210e2c524f4006b7abbb82895ebd2e>:0).  
1.44,Exception,IndexOutOfRangeException: Index was outside the bounds of the array.,SimpleController.FixedUpdate () (at <a8210e2c524f4006b7abbb82895ebd2e>:0).  
1.46,Exception,IndexOutOfRangeException: Index was outside the bounds of the array.,SimpleController.FixedUpdate () (at <a8210e2c524f4006b7abbb82895ebd2e>:0).  
1.48,Exception,IndexOutOfRangeException: Index was outside the bounds of the array.,SimpleController.FixedUpdate () (at <a8210e2c524f4006b7abbb82895ebd2e>:0).  
1.5,Exception,IndexOutOfRangeException: Index was outside the bounds of the array.,SimpleController.FixedUpdate () (at <a8210e2c524f4006b7abbb82895ebd2e>:0).  
1.52,Exception,IndexOutOfRangeException: Index was outside the bounds of the array.,SimpleController.FixedUpdate () (at <a8210e2c524f4006b7abbb82895ebd2e>:0).  
1.54,Exception,IndexOutOfRangeException: Index was outside the bounds of the array.,SimpleController.FixedUpdate () (at <a8210e2c524f4006b7abbb82895ebd2e>:0).  
1.56,Exception,IndexOutOfRangeException: Index was outside the bounds of the array.,SimpleController.FixedUpdate () (at <a8210e2c524f4006b7abbb82895ebd2e>:0).  
1.58,Exception,IndexOutOfRangeException: Index was outside the bounds of the array.,SimpleController.FixedUpdate () (at <a8210e2c524f4006b7abbb82895ebd2e>:0).  
1.6,Exception,IndexOutOfRangeException: Index was outside the bounds of the array.,SimpleController.FixedUpdate () (at <a8210e2c524f4006b7abbb82895ebd2e>:0).  
1.62,Exception,IndexOutOfRangeException: Index was outside the bounds of the array.,SimpleController.FixedUpdate () (at <a8210e2c524f4006b7abbb82895ebd2e>:0).  
1.64,Exception,IndexOutOfRangeException: Index was outside the bounds of the array.,SimpleController.FixedUpdate () (at <a8210e2c524f4006b7abbb82895ebd2e>:0).  
1.66,Exception,IndexOutOfRangeException: Index was outside the bounds of the array.,SimpleController.FixedUpdate () (at <a8210e2c524f4006b7abbb82895ebd2e>:0).  
1.68,Exception,IndexOutOfRangeException: Index was outside the bounds of the array.,SimpleController.FixedUpdate () (at <a8210e2c524f4006b7abbb82895ebd2e>:0).  
1.7,Exception,IndexOutOfRangeException: Index was outside the bounds of the array.,SimpleController.FixedUpdate () (at <a8210e2c524f4006b7abbb82895ebd2e>:0).  
1.72,Exception,IndexOutOfRangeException: Index was outside the bounds of the array.,SimpleController.FixedUpdate () (at <a8210e2c524f4006b7abbb82895ebd2e>:0).  
1.74,Exception,IndexOutOfRangeException: Index was outside the bounds of the array.,SimpleController.FixedUpdate () (at <a8210e2c524f4006b7abbb82895ebd2e>:0).  
1.76,Exception,IndexOutOfRangeException: Index was outside the bounds of the array.,SimpleController.FixedUpdate () (at <a8210e2c524f4006b7abbb82895ebd2e>:0).  
1.78,Exception,IndexOutOfRangeException: Index was outside the bounds of the array.,SimpleController.FixedUpdate () (at <a8210e2c524f4006b7abbb82895ebd2e>:0).  
1.8,Exception,IndexOutOfRangeException: Index was outside the bounds of the array.,SimpleController.FixedUpdate () (at <a8210e2c524f4006b7abbb82895ebd2e>:0).  
1.82,Exception,IndexOutOfRangeException: Index was outside the bounds of the array.,SimpleController.FixedUpdate () (at <a8210e2c524f4006b7abbb82895ebd2e>:0).  
1.84,Exception,IndexOutOfRangeException: Index was outside the bounds of the array.,SimpleController.FixedUpdate () (at <a8210e2c524f4006b7abbb82895ebd2e>:0).  
1.86,Exception,IndexOutOfRangeException: Index was outside the bounds of the array.,SimpleController.FixedUpdate () (at <a8210e2c524f4006b7abbb82895ebd2e>:0).  
1.88,Exception,IndexOutOfRangeException: Index was outside the bounds of the array.,SimpleController.FixedUpdate () (at <a8210e2c524f4006b7abbb82895ebd2e>:0).  
1.9,Exception,IndexOutOfRangeException: Index was outside the bounds of the array.,SimpleController.FixedUpdate () (at <a8210e2c524f4006b7abbb82895ebd2e>:0).  
1.92,Exception,IndexOutOfRangeException: Index was outside the bounds of the array.,SimpleController.FixedUpdate () (at <a8210e2c524f4006b7abbb82895ebd2e>:0).  
1.94,Exception,IndexOutOfRangeException: Index was outside the bounds of the array.,SimpleController.FixedUpdate () (at <a8210e2c524f4006b7abbb82895ebd2e>:0).  
1.96,Exception,IndexOutOfRangeException: Index was outside the bounds of the array.,SimpleController.FixedUpdate () (at <a8210e2c524f4006b7abbb82895ebd2e>:0).  
1.98,Exception,IndexOutOfRangeException: Index was outside the bounds of the array.,SimpleController.FixedUpdate () (at <a8210e2c524f4006b7abbb82895ebd2e>:0).  
2,Exception,IndexOutOfRangeException: Index was outside the bounds of the array.,SimpleController.FixedUpdate () (at <a8210e2c524f4006b7abbb82895ebd2e>:0).  
2.02,Exception,IndexOutOfRangeException: Index was outside the bounds of the array.,SimpleController.FixedUpdate () (at <a8210e2c524f4006b7abbb82895ebd2e>:0).  
2.04,Exception,IndexOutOfRangeException: Index was outside the bounds of the array.,SimpleController.FixedUpdate () (at <a8210e2c524f4006b7abbb82895ebd2e>:0).  
2.06,Exception,IndexOutOfRangeException: Index was outside the bounds of the array.,SimpleController.FixedUpdate () (at <a8210e2c524f4006b7abbb82895ebd2e>:0).  
2.08,Exception,IndexOutOfRangeException: Index was outside the bounds of the array.,SimpleController.FixedUpdate () (at <a8210e2c524f4006b7abbb82895ebd2e>:0).  
2.1,Exception,IndexOutOfRangeException: Index was outside the bounds of the array.,SimpleController.FixedUpdate () (at <a8210e2c524f4006b7abbb82895ebd2e>:0).  
2.12,Exception,IndexOutOfRangeException: Index was outside the bounds of the array.,SimpleController.FixedUpdate () (at <a8210e2c524f4006b7abbb82895ebd2e>:0).  
2.14,Exception,IndexOutOfRangeException: Index was outside the bounds of the array.,SimpleController.FixedUpdate () (at <a8210e2c524f4006b7abbb82895ebd2e>:0).  
2.16,Exception,IndexOutOfRangeException: Index was outside the bounds of the array.,SimpleController.FixedUpdate () (at <a8210e2c524f4006b7abbb82895ebd2e>:0).  
2.18,Exception,IndexOutOfRangeException: Index was outside the bounds of the array.,SimpleController.FixedUpdate () (at <a8210e2c524f4006b7abbb82895ebd2e>:0).  
2.2,Exception,IndexOutOfRangeException: Index was outside the bounds of the array.,SimpleController.FixedUpdate () (at <a8210e2c524f4006b7abbb82895ebd2e>:0).  
2.22,Exception,IndexOutOfRangeException: Index was outside the bounds of the array.,SimpleController.FixedUpdate () (at <a8210e2c524f4006b7abbb82895ebd2e>:0).  
2.24,Exception,IndexOutOfRangeException: Index was outside the bounds of the array.,SimpleController.FixedUpdate () (at <a8210e2c524f4006b7abbb82895ebd2e>:0).  
2.26,Exception,IndexOutOfRangeException: Index was outside the bounds of the array.,SimpleController.FixedUpdate () (at <a8210e2c524f4006b7abbb82895ebd2e>:0).  
2.28,Exception,IndexOutOfRangeException: Index was outside the bounds of the array.,SimpleController.FixedUpdate () (at <a8210e2c524f4006b7abbb82895ebd2e>:0).  
2.3,Exception,IndexOutOfRangeException: Index was outside the bounds of the array.,SimpleController.FixedUpdate () (at <a8210e2c524f4006b7abbb82895ebd2e>:0).  
2.32,Exception,IndexOutOfRangeException: Index was outside the bounds of the array.,SimpleController.FixedUpdate () (at <a8210e2c524f4006b7abbb82895ebd2e>:0).  
2.34,Exception,IndexOutOfRangeException: Index was outside the bounds of the array.,SimpleController.FixedUpdate () (at <a8210e2c524f4006b7abbb82895ebd2e>:0).  
2.36,Exception,IndexOutOfRangeException: Index was outside the bounds of the array.,SimpleController.FixedUpdate () (at <a8210e2c524f4006b7abbb82895ebd2e>:0).  
2.38,Exception,IndexOutOfRangeException: Index was outside the bounds of the array.,SimpleController.FixedUpdate () (at <a8210e2c524f4006b7abbb82895ebd2e>:0).  
2.4,Exception,IndexOutOfRangeException: Index was outside the bounds of the array.,SimpleController.FixedUpdate () (at <a8210e2c524f4006b7abbb82895ebd2e>:0).  
2.42,Exception,IndexOutOfRangeException: Index was outside the bounds of the array.,SimpleController.FixedUpdate () (at <a8210e2c524f4006b7abbb82895ebd2e>:0).  
2.44,Exception,IndexOutOfRangeException: Index was outside the bounds of the array.,SimpleController.FixedUpdate () (at <a8210e2c524f4006b7abbb82895ebd2e>:0).  
2.46,Exception,IndexOutOfRangeException: Index was outside the bounds of the array.,SimpleController.FixedUpdate () (at <a8210e2c524f4006b7abbb82895ebd2e>:0).  
2.48,Exception,IndexOutOfRangeException: Index was outside the bounds of the array.,SimpleController.FixedUpdate () (at <a8210e2c524f4006b7abbb82895ebd2e>:0).  
2.5,Exception,IndexOutOfRangeException: Index was outside the bounds of the array.,SimpleController.FixedUpdate () (at <a8210e2c524f4006b7abbb82895ebd2e>:0).  
2.52,Exception,IndexOutOfRangeException: Index was outside the bounds of the array.,SimpleController.FixedUpdate () (at <a8210e2c524f4006b7abbb82895ebd2e>:0).  
2.54,Exception,IndexOutOfRangeException: Index was outside the bounds of the array.,SimpleController.FixedUpdate () (at <a8210e2c524f4006b7abbb82895ebd2e>:0).  
2.56,Exception,IndexOutOfRangeException: Index was outside the bounds of the array.,SimpleController.FixedUpdate () (at <a8210e2c524f4006b7abbb82895ebd2e>:0).  
2.58,Exception,IndexOutOfRangeException: Index was outside the bounds of the array.,SimpleController.FixedUpdate () (at <a8210e2c524f4006b7abbb82895ebd2e>:0).  
2.6,Exception,IndexOutOfRangeException: Index was outside the bounds of the array.,SimpleController.FixedUpdate () (at <a8210e2c524f4006b7abbb82895ebd2e>:0).  
2.62,Exception,IndexOutOfRangeException: Index was outside the bounds of the array.,SimpleController.FixedUpdate () (at <a8210e2c524f4006b7abbb82895ebd2e>:0).  
2.64,Exception,IndexOutOfRangeException: Index was outside the bounds of the array.,SimpleController.FixedUpdate () (at <a8210e2c524f4006b7abbb82895ebd2e>:0).  
2.66,Exception,IndexOutOfRangeException: Index was outside the bounds of the array.,SimpleController.FixedUpdate () (at <a8210e2c524f4006b7abbb82895ebd2e>:0).  
2.68,Exception,IndexOutOfRangeException: Index was outside the bounds of the array.,SimpleController.FixedUpdate () (at <a8210e2c524f4006b7abbb82895ebd2e>:0).  
2.7,Exception,IndexOutOfRangeException: Index was outside the bounds of the array.,SimpleController.FixedUpdate () (at <a8210e2c524f4006b7abbb82895ebd2e>:0).  
2.72,Exception,IndexOutOfRangeException: Index was outside the bounds of the array.,SimpleController.FixedUpdate () (at <a8210e2c524f4006b7abbb82895ebd2e>:0).  
2.74,Exception,IndexOutOfRangeException: Index was outside the bounds of the array.,SimpleController.FixedUpdate () (at <a8210e2c524f4006b7abbb82895ebd2e>:0).  
2.76,Exception,IndexOutOfRangeException: Index was outside the bounds of the array.,SimpleController.FixedUpdate () (at <a8210e2c524f4006b7abbb82895ebd2e>:0).  
2.78,Exception,IndexOutOfRangeException: Index was outside the bounds of the array.,SimpleController.FixedUpdate () (at <a8210e2c524f4006b7abbb82895ebd2e>:0).  
2.8,Exception,IndexOutOfRangeException: Index was outside the bounds of the array.,SimpleController.FixedUpdate () (at <a8210e2c524f4006b7abbb82895ebd2e>:0).  
2.82,Exception,IndexOutOfRangeException: Index was outside the bounds of the array.,SimpleController.FixedUpdate () (at <a8210e2c524f4006b7abbb82895ebd2e>:0).  
2.84,Exception,IndexOutOfRangeException: Index was outside the bounds of the array.,SimpleController.FixedUpdate () (at <a8210e2c524f4006b7abbb82895ebd2e>:0).  
2.86,Exception,IndexOutOfRangeException: Index was outside the bounds of the array.,SimpleController.FixedUpdate () (at <a8210e2c524f4006b7abbb82895ebd2e>:0).  
2.88,Exception,IndexOutOfRangeException: Index was outside the bounds of the array.,SimpleController.FixedUpdate () (at <a8210e2c524f4006b7abbb82895ebd2e>:0).  
2.9,Exception,IndexOutOfRangeException: Index was outside the bounds of the array.,SimpleController.FixedUpdate () (at <a8210e2c524f4006b7abbb82895ebd2e>:0).  
2.92,Exception,IndexOutOfRangeException: Index was outside the bounds of the array.,SimpleController.FixedUpdate () (at <a8210e2c524f4006b7abbb82895ebd2e>:0).  
2.94,Exception,IndexOutOfRangeException: Index was outside the bounds of the array.,SimpleController.FixedUpdate () (at <a8210e2c524f4006b7abbb82895ebd2e>:0).  
2.96,Exception,IndexOutOfRangeException: Index was outside the bounds of the array.,SimpleController.FixedUpdate () (at <a8210e2c524f4006b7abbb82895ebd2e>:0).  
2.98,Exception,IndexOutOfRangeException: Index was outside the bounds of the array.,SimpleController.FixedUpdate () (at <a8210e2c524f4006b7abbb82895ebd2e>:0).  
3,Exception,IndexOutOfRangeException: Index was outside the bounds of the array.,SimpleController.FixedUpdate () (at <a8210e2c524f4006b7abbb82895ebd2e>:0).  
3.02,Exception,IndexOutOfRangeException: Index was outside the bounds of the array.,SimpleController.FixedUpdate () (at <a8210e2c524f4006b7abbb82895ebd2e>:0).  
3.04,Exception,IndexOutOfRangeException: Index was outside the bounds of the array.,SimpleController.FixedUpdate () (at <a8210e2c524f4006b7abbb82895ebd2e>:0).  
3.06,Exception,IndexOutOfRangeException: Index was outside the bounds of the array.,SimpleController.FixedUpdate () (at <a8210e2c524f4006b7abbb82895ebd2e>:0).  
3.08,Exception,IndexOutOfRangeException: Index was outside the bounds of the array.,SimpleController.FixedUpdate () (at <a8210e2c524f4006b7abbb82895ebd2e>:0).  
3.1,Exception,IndexOutOfRangeException: Index was outside the bounds of the array.,SimpleController.FixedUpdate () (at <a8210e2c524f4006b7abbb82895ebd2e>:0).  
3.12,Exception,IndexOutOfRangeException: Index was outside the bounds of the array.,SimpleController.FixedUpdate () (at <a8210e2c524f4006b7abbb82895ebd2e>:0).  
3.14,Exception,IndexOutOfRangeException: Index was outside the bounds of the array.,SimpleController.FixedUpdate () (at <a8210e2c524f4006b7abbb82895ebd2e>:0).  
3.16,Exception,IndexOutOfRangeException: Index was outside the bounds of the array.,SimpleController.FixedUpdate () (at <a8210e2c524f4006b7abbb82895ebd2e>:0).  
3.18,Exception,IndexOutOfRangeException: Index was outside the bounds of the array.,SimpleController.FixedUpdate () (at <a8210e2c524f4006b7abbb82895ebd2e>:0).  
3.2,Exception,IndexOutOfRangeException: Index was outside the bounds of the array.,SimpleController.FixedUpdate () (at <a8210e2c524f4006b7abbb82895ebd2e>:0).  
3.22,Exception,IndexOutOfRangeException: Index was outside the bounds of the array.,SimpleController.FixedUpdate () (at <a8210e2c524f4006b7abbb82895ebd2e>:0).  
3.24,Exception,IndexOutOfRangeException: Index was outside the bounds of the array.,SimpleController.FixedUpdate () (at <a8210e2c524f4006b7abbb82895ebd2e>:0).  
3.26,Exception,IndexOutOfRangeException: Index was outside the bounds of the array.,SimpleController.FixedUpdate () (at <a8210e2c524f4006b7abbb82895ebd2e>:0).  
3.28,Exception,IndexOutOfRangeException: Index was outside the bounds of the array.,SimpleController.FixedUpdate () (at <a8210e2c524f4006b7abbb82895ebd2e>:0).  
3.3,Exception,IndexOutOfRangeException: Index was outside the bounds of the array.,SimpleController.FixedUpdate () (at <a8210e2c524f4006b7abbb82895ebd2e>:0).  
3.32,Exception,IndexOutOfRangeException: Index was outside the bounds of the array.,SimpleController.FixedUpdate () (at <a8210e2c524f4006b7abbb82895ebd2e>:0).  
3.34,Exception,IndexOutOfRangeException: Index was outside the bounds of the array.,SimpleController.FixedUpdate () (at <a8210e2c524f4006b7abbb82895ebd2e>:0).  
3.36,Exception,IndexOutOfRangeException: Index was outside the bounds of the array.,SimpleController.FixedUpdate () (at <a8210e2c524f4006b7abbb82895ebd2e>:0).  
3.38,Exception,IndexOutOfRangeException: Index was outside the bounds of the array.,SimpleController.FixedUpdate () (at <a8210e2c524f4006b7abbb82895ebd2e>:0).  
3.4,Exception,IndexOutOfRangeException: Index was outside the bounds of the array.,SimpleController.FixedUpdate () (at <a8210e2c524f4006b7abbb82895ebd2e>:0).  
3.42,Exception,IndexOutOfRangeException: Index was outside the bounds of the array.,SimpleController.FixedUpdate () (at <a8210e2c524f4006b7abbb82895ebd2e>:0).  
3.44,Exception,IndexOutOfRangeException: Index was outside the bounds of the array.,SimpleController.FixedUpdate () (at <a8210e2c524f4006b7abbb82895ebd2e>:0).  
3.46,Exception,IndexOutOfRangeException: Index was outside the bounds of the array.,SimpleController.FixedUpdate () (at <a8210e2c524f4006b7abbb82895ebd2e>:0).  
3.48,Exception,IndexOutOfRangeException: Index was outside the bounds of the array.,SimpleController.FixedUpdate () (at <a8210e2c524f4006b7abbb82895ebd2e>:0).  
3.5,Exception,IndexOutOfRangeException: Index was outside the bounds of the array.,SimpleController.FixedUpdate () (at <a8210e2c524f4006b7abbb82895ebd2e>:0).  
3.52,Exception,IndexOutOfRangeException: Index was outside the bounds of the array.,SimpleController.FixedUpdate () (at <a8210e2c524f4006b7abbb82895ebd2e>:0).  
3.54,Exception,IndexOutOfRangeException: Index was outside the bounds of the array.,SimpleController.FixedUpdate () (at <a8210e2c524f4006b7abbb82895ebd2e>:0).  
3.56,Exception,IndexOutOfRangeException: Index was outside the bounds of the array.,SimpleController.FixedUpdate () (at <a8210e2c524f4006b7abbb82895ebd2e>:0).  
3.58,Exception,IndexOutOfRangeException: Index was outside the bounds of the array.,SimpleController.FixedUpdate () (at <a8210e2c524f4006b7abbb82895ebd2e>:0).  
3.6,Exception,IndexOutOfRangeException: Index was outside the bounds of the array.,SimpleController.FixedUpdate () (at <a8210e2c524f4006b7abbb82895ebd2e>:0).  
3.62,Exception,IndexOutOfRangeException: Index was outside the bounds of the array.,SimpleController.FixedUpdate () (at <a8210e2c524f4006b7abbb82895ebd2e>:0).  
3.64,Exception,IndexOutOfRangeException: Index was outside the bounds of the array.,SimpleController.FixedUpdate () (at <a8210e2c524f4006b7abbb82895ebd2e>:0).  
3.66,Exception,IndexOutOfRangeException: Index was outside the bounds of the array.,SimpleController.FixedUpdate () (at <a8210e2c524f4006b7abbb82895ebd2e>:0).  
3.68,Exception,IndexOutOfRangeException: Index was outside the bounds of the array.,SimpleController.FixedUpdate () (at <a8210e2c524f4006b7abbb82895ebd2e>:0).  
3.7,Exception,IndexOutOfRangeException: Index was outside the bounds of the array.,SimpleController.FixedUpdate () (at <a8210e2c524f4006b7abbb82895ebd2e>:0).  
3.72,Exception,IndexOutOfRangeException: Index was outside the bounds of the array.,SimpleController.FixedUpdate () (at <a8210e2c524f4006b7abbb82895ebd2e>:0).  
3.74,Exception,IndexOutOfRangeException: Index was outside the bounds of the array.,SimpleController.FixedUpdate () (at <a8210e2c524f4006b7abbb82895ebd2e>:0).  
3.76,Exception,IndexOutOfRangeException: Index was outside the bounds of the array.,SimpleController.FixedUpdate () (at <a8210e2c524f4006b7abbb82895ebd2e>:0).  
3.78,Exception,IndexOutOfRangeException: Index was outside the bounds of the array.,SimpleController.FixedUpdate () (at <a8210e2c524f4006b7abbb82895ebd2e>:0).  
3.8,Exception,IndexOutOfRangeException: Index was outside the bounds of the array.,SimpleController.FixedUpdate () (at <a8210e2c524f4006b7abbb82895ebd2e>:0).  
3.82,Exception,IndexOutOfRangeException: Index was outside the bounds of the array.,SimpleController.FixedUpdate () (at <a8210e2c524f4006b7abbb82895ebd2e>:0).  
3.84,Exception,IndexOutOfRangeException: Index was outside the bounds of the array.,SimpleController.FixedUpdate () (at <a8210e2c524f4006b7abbb82895ebd2e>:0).  
3.86,Exception,IndexOutOfRangeException: Index was outside the bounds of the array.,SimpleController.FixedUpdate () (at <a8210e2c524f4006b7abbb82895ebd2e>:0).  
3.88,Exception,IndexOutOfRangeException: Index was outside the bounds of the array.,SimpleController.FixedUpdate () (at <a8210e2c524f4006b7abbb82895ebd2e>:0).  
3.9,Exception,IndexOutOfRangeException: Index was outside the bounds of the array.,SimpleController.FixedUpdate () (at <a8210e2c524f4006b7abbb82895ebd2e>:0).  
3.92,Exception,IndexOutOfRangeException: Index was outside the bounds of the array.,SimpleController.FixedUpdate () (at <a8210e2c524f4006b7abbb82895ebd2e>:0).  
3.94,Exception,IndexOutOfRangeException: Index was outside the bounds of the array.,SimpleController.FixedUpdate () (at <a8210e2c524f4006b7abbb82895ebd2e>:0).  
3.96,Exception,IndexOutOfRangeException: Index was outside the bounds of the array.,SimpleController.FixedUpdate () (at <a8210e2c524f4006b7abbb82895ebd2e>:0).  
3.98,Exception,IndexOutOfRangeException: Index was outside the bounds of the array.,SimpleController.FixedUpdate () (at <a8210e2c524f4006b7abbb82895ebd2e>:0).  
4,Exception,IndexOutOfRangeException: Index was outside the bounds of the array.,SimpleController.FixedUpdate () (at <a8210e2c524f4006b7abbb82895ebd2e>:0).  
4.02,Exception,IndexOutOfRangeException: Index was outside the bounds of the array.,SimpleController.FixedUpdate () (at <a8210e2c524f4006b7abbb82895ebd2e>:0).  
4.04,Exception,IndexOutOfRangeException: Index was outside the bounds of the array.,SimpleController.FixedUpdate () (at <a8210e2c524f4006b7abbb82895ebd2e>:0).  
4.06,Exception,IndexOutOfRangeException: Index was outside the bounds of the array.,SimpleController.FixedUpdate () (at <a8210e2c524f4006b7abbb82895ebd2e>:0).  
4.08,Exception,IndexOutOfRangeException: Index was outside the bounds of the array.,SimpleController.FixedUpdate () (at <a8210e2c524f4006b7abbb82895ebd2e>:0).  
4.1,Exception,IndexOutOfRangeException: Index was outside the bounds of the array.,SimpleController.FixedUpdate () (at <a8210e2c524f4006b7abbb82895ebd2e>:0).  
4.12,Exception,IndexOutOfRangeException: Index was outside the bounds of the array.,SimpleController.FixedUpdate () (at <a8210e2c524f4006b7abbb82895ebd2e>:0).  
4.14,Exception,IndexOutOfRangeException: Index was outside the bounds of the array.,SimpleController.FixedUpdate () (at <a8210e2c524f4006b7abbb82895ebd2e>:0).  
4.16,Exception,IndexOutOfRangeException: Index was outside the bounds of the array.,SimpleController.FixedUpdate () (at <a8210e2c524f4006b7abbb82895ebd2e>:0).  
4.18,Exception,IndexOutOfRangeException: Index was outside the bounds of the array.,SimpleController.FixedUpdate () (at <a8210e2c524f4006b7abbb82895ebd2e>:0).  
4.2,Exception,IndexOutOfRangeException: Index was outside the bounds of the array.,SimpleController.FixedUpdate () (at <a8210e2c524f4006b7abbb82895ebd2e>:0).  
4.22,Exception,IndexOutOfRangeException: Index was outside the bounds of the array.,SimpleController.FixedUpdate () (at <a8210e2c524f4006b7abbb82895ebd2e>:0).  
4.24,Exception,IndexOutOfRangeException: Index was outside the bounds of the array.,SimpleController.FixedUpdate () (at <a8210e2c524f4006b7abbb82895ebd2e>:0).  
4.26,Exception,IndexOutOfRangeException: Index was outside the bounds of the array.,SimpleController.FixedUpdate () (at <a8210e2c524f4006b7abbb82895ebd2e>:0).  
4.28,Exception,IndexOutOfRangeException: Index was outside the bounds of the array.,SimpleController.FixedUpdate () (at <a8210e2c524f4006b7abbb82895ebd2e>:0).  
4.3,Exception,IndexOutOfRangeException: Index was outside the bounds of the array.,SimpleController.FixedUpdate () (at <a8210e2c524f4006b7abbb82895ebd2e>:0).  
4.32,Exception,IndexOutOfRangeException: Index was outside the bounds of the array.,SimpleController.FixedUpdate () (at <a8210e2c524f4006b7abbb82895ebd2e>:0).  
4.34,Exception,IndexOutOfRangeException: Index was outside the bounds of the array.,SimpleController.FixedUpdate () (at <a8210e2c524f4006b7abbb82895ebd2e>:0).  
4.36,Exception,IndexOutOfRangeException: Index was outside the bounds of the array.,SimpleController.FixedUpdate () (at <a8210e2c524f4006b7abbb82895ebd2e>:0).  
4.38,Exception,IndexOutOfRangeException: Index was outside the bounds of the array.,SimpleController.FixedUpdate () (at <a8210e2c524f4006b7abbb82895ebd2e>:0).  
4.4,Exception,IndexOutOfRangeException: Index was outside the bounds of the array.,SimpleController.FixedUpdate () (at <a8210e2c524f4006b7abbb82895ebd2e>:0).  
4.42,Exception,IndexOutOfRangeException: Index was outside the bounds of the array.,SimpleController.FixedUpdate () (at <a8210e2c524f4006b7abbb82895ebd2e>:0).  
4.44,Exception,IndexOutOfRangeException: Index was outside the bounds of the array.,SimpleController.FixedUpdate () (at <a8210e2c524f4006b7abbb82895ebd2e>:0).  
4.46,Exception,IndexOutOfRangeException: Index was outside the bounds of the array.,SimpleController.FixedUpdate () (at <a8210e2c524f4006b7abbb82895ebd2e>:0).  
4.48,Exception,IndexOutOfRangeException: Index was outside the bounds of the array.,SimpleController.FixedUpdate () (at <a8210e2c524f4006b7abbb82895ebd2e>:0).  
4.5,Exception,IndexOutOfRangeException: Index was outside the bounds of the array.,SimpleController.FixedUpdate () (at <a8210e2c524f4006b7abbb82895ebd2e>:0).  
4.52,Exception,IndexOutOfRangeException: Index was outside the bounds of the array.,SimpleController.FixedUpdate () (at <a8210e2c524f4006b7abbb82895ebd2e>:0).  
4.54,Exception,IndexOutOfRangeException: Index was outside the bounds of the array.,SimpleController.FixedUpdate () (at <a8210e2c524f4006b7abbb82895ebd2e>:0).  
4.56,Exception,IndexOutOfRangeException: Index was outside the bounds of the array.,SimpleController.FixedUpdate () (at <a8210e2c524f4006b7abbb82895ebd2e>:0).  
4.58,Exception,IndexOutOfRangeException: Index was outside the bounds of the array.,SimpleController.FixedUpdate () (at <a8210e2c524f4006b7abbb82895ebd2e>:0).  
4.6,Exception,IndexOutOfRangeException: Index was outside the bounds of the array.,SimpleController.FixedUpdate () (at <a8210e2c524f4006b7abbb82895ebd2e>:0).  
4.62,Exception,IndexOutOfRangeException: Index was outside the bounds of the array.,SimpleController.FixedUpdate () (at <a8210e2c524f4006b7abbb82895ebd2e>:0).  
4.64,Exception,IndexOutOfRangeException: Index was outside the bounds of the array.,SimpleController.FixedUpdate () (at <a8210e2c524f4006b7abbb82895ebd2e>:0).  
4.66,Exception,IndexOutOfRangeException: Index was outside the bounds of the array.,SimpleController.FixedUpdate () (at <a8210e2c524f4006b7abbb82895ebd2e>:0).  
4.68,Exception,IndexOutOfRangeException: Index was outside the bounds of the array.,SimpleController.FixedUpdate () (at <a8210e2c524f4006b7abbb82895ebd2e>:0).  
4.7,Exception,IndexOutOfRangeException: Index was outside the bounds of the array.,SimpleController.FixedUpdate () (at <a8210e2c524f4006b7abbb82895ebd2e>:0).  
4.72,Exception,IndexOutOfRangeException: Index was outside the bounds of the array.,SimpleController.FixedUpdate () (at <a8210e2c524f4006b7abbb82895ebd2e>:0).  
4.74,Exception,IndexOutOfRangeException: Index was outside the bounds of the array.,SimpleController.FixedUpdate () (at <a8210e2c524f4006b7abbb82895ebd2e>:0).  
4.76,Exception,IndexOutOfRangeException: Index was outside the bounds of the array.,SimpleController.FixedUpdate () (at <a8210e2c524f4006b7abbb82895ebd2e>:0).  
4.78,Exception,IndexOutOfRangeException: Index was outside the bounds of the array.,SimpleController.FixedUpdate () (at <a8210e2c524f4006b7abbb82895ebd2e>:0).  
4.8,Exception,IndexOutOfRangeException: Index was outside the bounds of the array.,SimpleController.FixedUpdate () (at <a8210e2c524f4006b7abbb82895ebd2e>:0).  
4.82,Exception,IndexOutOfRangeException: Index was outside the bounds of the array.,SimpleController.FixedUpdate () (at <a8210e2c524f4006b7abbb82895ebd2e>:0).  
4.84,Exception,IndexOutOfRangeException: Index was outside the bounds of the array.,SimpleController.FixedUpdate () (at <a8210e2c524f4006b7abbb82895ebd2e>:0).  
4.86,Exception,IndexOutOfRangeException: Index was outside the bounds of the array.,SimpleController.FixedUpdate () (at <a8210e2c524f4006b7abbb82895ebd2e>:0).  
4.88,Exception,IndexOutOfRangeException: Index was outside the bounds of the array.,SimpleController.FixedUpdate () (at <a8210e2c524f4006b7abbb82895ebd2e>:0).  
4.9,Exception,IndexOutOfRangeException: Index was outside the bounds of the array.,SimpleController.FixedUpdate () (at <a8210e2c524f4006b7abbb82895ebd2e>:0).  
4.92,Exception,IndexOutOfRangeException: Index was outside the bounds of the array.,SimpleController.FixedUpdate () (at <a8210e2c524f4006b7abbb82895ebd2e>:0).  
4.94,Exception,IndexOutOfRangeException: Index was outside the bounds of the array.,SimpleController.FixedUpdate () (at <a8210e2c524f4006b7abbb82895ebd2e>:0).  
4.96,Exception,IndexOutOfRangeException: Index was outside the bounds of the array.,SimpleController.FixedUpdate () (at <a8210e2c524f4006b7abbb82895ebd2e>:0).  
4.98,Exception,IndexOutOfRangeException: Index was outside the bounds of the array.,SimpleController.FixedUpdate () (at <a8210e2c524f4006b7abbb82895ebd2e>:0).  
5,Exception,IndexOutOfRangeException: Index was outside the bounds of the array.,SimpleController.FixedUpdate () (at <a8210e2c524f4006b7abbb82895ebd2e>:0).  
5.02,Exception,IndexOutOfRangeException: Index was outside the bounds of the array.,SimpleController.FixedUpdate () (at <a8210e2c524f4006b7abbb82895ebd2e>:0).  
5.04,Exception,IndexOutOfRangeException: Index was outside the bounds of the array.,SimpleController.FixedUpdate () (at <a8210e2c524f4006b7abbb82895ebd2e>:0).  
5.06,Exception,IndexOutOfRangeException: Index was outside the bounds of the array.,SimpleController.FixedUpdate () (at <a8210e2c524f4006b7abbb82895ebd2e>:0).  
5.08,Exception,IndexOutOfRangeException: Index was outside the bounds of the array.,SimpleController.FixedUpdate () (at <a8210e2c524f4006b7abbb82895ebd2e>:0).  
5.1,Exception,IndexOutOfRangeException: Index was outside the bounds of the array.,SimpleController.FixedUpdate () (at <a8210e2c524f4006b7abbb82895ebd2e>:0).  
5.12,Exception,IndexOutOfRangeException: Index was outside the bounds of the array.,SimpleController.FixedUpdate () (at <a8210e2c524f4006b7abbb82895ebd2e>:0).  
5.14,Exception,IndexOutOfRangeException: Index was outside the bounds of the array.,SimpleController.FixedUpdate () (at <a8210e2c524f4006b7abbb82895ebd2e>:0).  
5.16,Exception,IndexOutOfRangeException: Index was outside the bounds of the array.,SimpleController.FixedUpdate () (at <a8210e2c524f4006b7abbb82895ebd2e>:0).  
5.18,Exception,IndexOutOfRangeException: Index was outside the bounds of the array.,SimpleController.FixedUpdate () (at <a8210e2c524f4006b7abbb82895ebd2e>:0).  
5.2,Exception,IndexOutOfRangeException: Index was outside the bounds of the array.,SimpleController.FixedUpdate () (at <a8210e2c524f4006b7abbb82895ebd2e>:0).  
5.22,Exception,IndexOutOfRangeException: Index was outside the bounds of the array.,SimpleController.FixedUpdate () (at <a8210e2c524f4006b7abbb82895ebd2e>:0).  
5.24,Exception,IndexOutOfRangeException: Index was outside the bounds of the array.,SimpleController.FixedUpdate () (at <a8210e2c524f4006b7abbb82895ebd2e>:0).  
5.26,Exception,IndexOutOfRangeException: Index was outside the bounds of the array.,SimpleController.FixedUpdate () (at <a8210e2c524f4006b7abbb82895ebd2e>:0).  
5.28,Exception,IndexOutOfRangeException: Index was outside the bounds of the array.,SimpleController.FixedUpdate () (at <a8210e2c524f4006b7abbb82895ebd2e>:0).  
5.3,Exception,IndexOutOfRangeException: Index was outside the bounds of the array.,SimpleController.FixedUpdate () (at <a8210e2c524f4006b7abbb82895ebd2e>:0).  
5.32,Exception,IndexOutOfRangeException: Index was outside the bounds of the array.,SimpleController.FixedUpdate () (at <a8210e2c524f4006b7abbb82895ebd2e>:0).  
5.34,Exception,IndexOutOfRangeException: Index was outside the bounds of the array.,SimpleController.FixedUpdate () (at <a8210e2c524f4006b7abbb82895ebd2e>:0).  
5.36,Exception,IndexOutOfRangeException: Index was outside the bounds of the array.,SimpleController.FixedUpdate () (at <a8210e2c524f4006b7abbb82895ebd2e>:0).  
5.38,Exception,IndexOutOfRangeException: Index was outside the bounds of the array.,SimpleController.FixedUpdate () (at <a8210e2c524f4006b7abbb82895ebd2e>:0).  
5.4,Exception,IndexOutOfRangeException: Index was outside the bounds of the array.,SimpleController.FixedUpdate () (at <a8210e2c524f4006b7abbb82895ebd2e>:0).  
5.42,Exception,IndexOutOfRangeException: Index was outside the bounds of the array.,SimpleController.FixedUpdate () (at <a8210e2c524f4006b7abbb82895ebd2e>:0).  
5.44,Exception,IndexOutOfRangeException: Index was outside the bounds of the array.,SimpleController.FixedUpdate () (at <a8210e2c524f4006b7abbb82895ebd2e>:0).  
5.46,Exception,IndexOutOfRangeException: Index was outside the bounds of the array.,SimpleController.FixedUpdate () (at <a8210e2c524f4006b7abbb82895ebd2e>:0).  
5.48,Exception,IndexOutOfRangeException: Index was outside the bounds of the array.,SimpleController.FixedUpdate () (at <a8210e2c524f4006b7abbb82895ebd2e>:0).  
5.5,Exception,IndexOutOfRangeException: Index was outside the bounds of the array.,SimpleController.FixedUpdate () (at <a8210e2c524f4006b7abbb82895ebd2e>:0).  
5.52,Exception,IndexOutOfRangeException: Index was outside the bounds of the array.,SimpleController.FixedUpdate () (at <a8210e2c524f4006b7abbb82895ebd2e>:0).  
5.54,Exception,IndexOutOfRangeException: Index was outside the bounds of the array.,SimpleController.FixedUpdate () (at <a8210e2c524f4006b7abbb82895ebd2e>:0).  
5.56,Exception,IndexOutOfRangeException: Index was outside the bounds of the array.,SimpleController.FixedUpdate () (at <a8210e2c524f4006b7abbb82895ebd2e>:0).  
5.58,Exception,IndexOutOfRangeException: Index was outside the bounds of the array.,SimpleController.FixedUpdate () (at <a8210e2c524f4006b7abbb82895ebd2e>:0).  
5.6,Exception,IndexOutOfRangeException: Index was outside the bounds of the array.,SimpleController.FixedUpdate () (at <a8210e2c524f4006b7abbb82895ebd2e>:0).  
5.62,Exception,IndexOutOfRangeException: Index was outside the bounds of the array.,SimpleController.FixedUpdate () (at <a8210e2c524f4006b7abbb82895ebd2e>:0).  
5.64,Exception,IndexOutOfRangeException: Index was outside the bounds of the array.,SimpleController.FixedUpdate () (at <a8210e2c524f4006b7abbb82895ebd2e>:0).  
5.66,Exception,IndexOutOfRangeException: Index was outside the bounds of the array.,SimpleController.FixedUpdate () (at <a8210e2c524f4006b7abbb82895ebd2e>:0).  
5.68,Exception,IndexOutOfRangeException: Index was outside the bounds of the array.,SimpleController.FixedUpdate () (at <a8210e2c524f4006b7abbb82895ebd2e>:0).  
5.7,Exception,IndexOutOfRangeException: Index was outside the bounds of the array.,SimpleController.FixedUpdate () (at <a8210e2c524f4006b7abbb82895ebd2e>:0).  
5.72,Exception,IndexOutOfRangeException: Index was outside the bounds of the array.,SimpleController.FixedUpdate () (at <a8210e2c524f4006b7abbb82895ebd2e>:0).  
5.74,Exception,IndexOutOfRangeException: Index was outside the bounds of the array.,SimpleController.FixedUpdate () (at <a8210e2c524f4006b7abbb82895ebd2e>:0).  
5.76,Exception,IndexOutOfRangeException: Index was outside the bounds of the array.,SimpleController.FixedUpdate () (at <a8210e2c524f4006b7abbb82895ebd2e>:0).  
5.78,Exception,IndexOutOfRangeException: Index was outside the bounds of the array.,SimpleController.FixedUpdate () (at <a8210e2c524f4006b7abbb82895ebd2e>:0).  
5.8,Exception,IndexOutOfRangeException: Index was outside the bounds of the array.,SimpleController.FixedUpdate () (at <a8210e2c524f4006b7abbb82895ebd2e>:0).  
5.82,Exception,IndexOutOfRangeException: Index was outside the bounds of the array.,SimpleController.FixedUpdate () (at <a8210e2c524f4006b7abbb82895ebd2e>:0).  
5.84,Exception,IndexOutOfRangeException: Index was outside the bounds of the array.,SimpleController.FixedUpdate () (at <a8210e2c524f4006b7abbb82895ebd2e>:0).  
5.86,Exception,IndexOutOfRangeException: Index was outside the bounds of the array.,SimpleController.FixedUpdate () (at <a8210e2c524f4006b7abbb82895ebd2e>:0).  
5.88,Exception,IndexOutOfRangeException: Index was outside the bounds of the array.,SimpleController.FixedUpdate () (at <a8210e2c524f4006b7abbb82895ebd2e>:0).  
5.9,Exception,IndexOutOfRangeException: Index was outside the bounds of the array.,SimpleController.FixedUpdate () (at <a8210e2c524f4006b7abbb82895ebd2e>:0).  
5.92,Exception,IndexOutOfRangeException: Index was outside the bounds of the array.,SimpleController.FixedUpdate () (at <a8210e2c524f4006b7abbb82895ebd2e>:0).  
5.94,Exception,IndexOutOfRangeException: Index was outside the bounds of the array.,SimpleController.FixedUpdate () (at <a8210e2c524f4006b7abbb82895ebd2e>:0).  
5.96,Exception,IndexOutOfRangeException: Index was outside the bounds of the array.,SimpleController.FixedUpdate () (at <a8210e2c524f4006b7abbb82895ebd2e>:0).  
5.98,Exception,IndexOutOfRangeException: Index was outside the bounds of the array.,SimpleController.FixedUpdate () (at <a8210e2c524f4006b7abbb82895ebd2e>:0).  
6,Exception,IndexOutOfRangeException: Index was outside the bounds of the array.,SimpleController.FixedUpdate () (at <a8210e2c524f4006b7abbb82895ebd2e>:0).  
6.02,Exception,IndexOutOfRangeException: Index was outside the bounds of the array.,SimpleController.FixedUpdate () (at <a8210e2c524f4006b7abbb82895ebd2e>:0).  
6.04,Exception,IndexOutOfRangeException: Index was outside the bounds of the array.,SimpleController.FixedUpdate () (at <a8210e2c524f4006b7abbb82895ebd2e>:0).  
6.06,Exception,IndexOutOfRangeException: Index was outside the bounds of the array.,SimpleController.FixedUpdate () (at <a8210e2c524f4006b7abbb82895ebd2e>:0).  
6.08,Exception,IndexOutOfRangeException: Index was outside the bounds of the array.,SimpleController.FixedUpdate () (at <a8210e2c524f4006b7abbb82895ebd2e>:0).  
6.1,Exception,IndexOutOfRangeException: Index was outside the bounds of the array.,SimpleController.FixedUpdate () (at <a8210e2c524f4006b7abbb82895ebd2e>:0).  
6.12,Exception,IndexOutOfRangeException: Index was outside the bounds of the array.,SimpleController.FixedUpdate () (at <a8210e2c524f4006b7abbb82895ebd2e>:0).  
6.14,Exception,IndexOutOfRangeException: Index was outside the bounds of the array.,SimpleController.FixedUpdate () (at <a8210e2c524f4006b7abbb82895ebd2e>:0).  
6.16,Exception,IndexOutOfRangeException: Index was outside the bounds of the array.,SimpleController.FixedUpdate () (at <a8210e2c524f4006b7abbb82895ebd2e>:0).  
6.18,Exception,IndexOutOfRangeException: Index was outside the bounds of the array.,SimpleController.FixedUpdate () (at <a8210e2c524f4006b7abbb82895ebd2e>:0).  
6.2,Exception,IndexOutOfRangeException: Index was outside the bounds of the array.,SimpleController.FixedUpdate () (at <a8210e2c524f4006b7abbb82895ebd2e>:0).  
6.22,Exception,IndexOutOfRangeException: Index was outside the bounds of the array.,SimpleController.FixedUpdate () (at <a8210e2c524f4006b7abbb82895ebd2e>:0).  
6.24,Exception,IndexOutOfRangeException: Index was outside the bounds of the array.,SimpleController.FixedUpdate () (at <a8210e2c524f4006b7abbb82895ebd2e>:0).  
6.26,Exception,IndexOutOfRangeException: Index was outside the bounds of the array.,SimpleController.FixedUpdate () (at <a8210e2c524f4006b7abbb82895ebd2e>:0).  
6.28,Exception,IndexOutOfRangeException: Index was outside the bounds of the array.,SimpleController.FixedUpdate () (at <a8210e2c524f4006b7abbb82895ebd2e>:0).  
6.3,Exception,IndexOutOfRangeException: Index was outside the bounds of the array.,SimpleController.FixedUpdate () (at <a8210e2c524f4006b7abbb82895ebd2e>:0).  
6.32,Exception,IndexOutOfRangeException: Index was outside the bounds of the array.,SimpleController.FixedUpdate () (at <a8210e2c524f4006b7abbb82895ebd2e>:0).  
6.34,Exception,IndexOutOfRangeException: Index was outside the bounds of the array.,SimpleController.FixedUpdate () (at <a8210e2c524f4006b7abbb82895ebd2e>:0).  
6.36,Exception,IndexOutOfRangeException: Index was outside the bounds of the array.,SimpleController.FixedUpdate () (at <a8210e2c524f4006b7abbb82895ebd2e>:0).  
6.38,Exception,IndexOutOfRangeException: Index was outside the bounds of the array.,SimpleController.FixedUpdate () (at <a8210e2c524f4006b7abbb82895ebd2e>:0).  
6.4,Exception,IndexOutOfRangeException: Index was outside the bounds of the array.,SimpleController.FixedUpdate () (at <a8210e2c524f4006b7abbb82895ebd2e>:0).  
6.42,Exception,IndexOutOfRangeException: Index was outside the bounds of the array.,SimpleController.FixedUpdate () (at <a8210e2c524f4006b7abbb82895ebd2e>:0).  
6.44,Exception,IndexOutOfRangeException: Index was outside the bounds of the array.,SimpleController.FixedUpdate () (at <a8210e2c524f4006b7abbb82895ebd2e>:0).  
6.46,Exception,IndexOutOfRangeException: Index was outside the bounds of the array.,SimpleController.FixedUpdate () (at <a8210e2c524f4006b7abbb82895ebd2e>:0).  
6.48,Exception,IndexOutOfRangeException: Index was outside the bounds of the array.,SimpleController.FixedUpdate () (at <a8210e2c524f4006b7abbb82895ebd2e>:0).  
6.5,Exception,IndexOutOfRangeException: Index was outside the bounds of the array.,SimpleController.FixedUpdate () (at <a8210e2c524f4006b7abbb82895ebd2e>:0).  
6.52,Exception,IndexOutOfRangeException: Index was outside the bounds of the array.,SimpleController.FixedUpdate () (at <a8210e2c524f4006b7abbb82895ebd2e>:0).  
6.54,Exception,IndexOutOfRangeException: Index was outside the bounds of the array.,SimpleController.FixedUpdate () (at <a8210e2c524f4006b7abbb82895ebd2e>:0).  
6.56,Exception,IndexOutOfRangeException: Index was outside the bounds of the array.,SimpleController.FixedUpdate () (at <a8210e2c524f4006b7abbb82895ebd2e>:0).  
6.58,Exception,IndexOutOfRangeException: Index was outside the bounds of the array.,SimpleController.FixedUpdate () (at <a8210e2c524f4006b7abbb82895ebd2e>:0).  
6.6,Exception,IndexOutOfRangeException: Index was outside the bounds of the array.,SimpleController.FixedUpdate () (at <a8210e2c524f4006b7abbb82895ebd2e>:0).  
6.62,Exception,IndexOutOfRangeException: Index was outside the bounds of the array.,SimpleController.FixedUpdate () (at <a8210e2c524f4006b7abbb82895ebd2e>:0).  
6.64,Exception,IndexOutOfRangeException: Index was outside the bounds of the array.,SimpleController.FixedUpdate () (at <a8210e2c524f4006b7abbb82895ebd2e>:0).  
6.66,Exception,IndexOutOfRangeException: Index was outside the bounds of the array.,SimpleController.FixedUpdate () (at <a8210e2c524f4006b7abbb82895ebd2e>:0).  
6.68,Exception,IndexOutOfRangeException: Index was outside the bounds of the array.,SimpleController.FixedUpdate () (at <a8210e2c524f4006b7abbb82895ebd2e>:0).  
6.7,Exception,IndexOutOfRangeException: Index was outside the bounds of the array.,SimpleController.FixedUpdate () (at <a8210e2c524f4006b7abbb82895ebd2e>:0).  
6.72,Exception,IndexOutOfRangeException: Index was outside the bounds of the array.,SimpleController.FixedUpdate () (at <a8210e2c524f4006b7abbb82895ebd2e>:0).  
6.74,Exception,IndexOutOfRangeException: Index was outside the bounds of the array.,SimpleController.FixedUpdate () (at <a8210e2c524f4006b7abbb82895ebd2e>:0).  
6.76,Exception,IndexOutOfRangeException: Index was outside the bounds of the array.,SimpleController.FixedUpdate () (at <a8210e2c524f4006b7abbb82895ebd2e>:0).  
6.78,Exception,IndexOutOfRangeException: Index was outside the bounds of the array.,SimpleController.FixedUpdate () (at <a8210e2c524f4006b7abbb82895ebd2e>:0).  
6.8,Exception,IndexOutOfRangeException: Index was outside the bounds of the array.,SimpleController.FixedUpdate () (at <a8210e2c524f4006b7abbb82895ebd2e>:0).  
6.82,Exception,IndexOutOfRangeException: Index was outside the bounds of the array.,SimpleController.FixedUpdate () (at <a8210e2c524f4006b7abbb82895ebd2e>:0).  
6.84,Exception,IndexOutOfRangeException: Index was outside the bounds of the array.,SimpleController.FixedUpdate () (at <a8210e2c524f4006b7abbb82895ebd2e>:0).  
6.86,Exception,IndexOutOfRangeException: Index was outside the bounds of the array.,SimpleController.FixedUpdate () (at <a8210e2c524f4006b7abbb82895ebd2e>:0).  
6.88,Exception,IndexOutOfRangeException: Index was outside the bounds of the array.,SimpleController.FixedUpdate () (at <a8210e2c524f4006b7abbb82895ebd2e>:0).  
6.9,Exception,IndexOutOfRangeException: Index was outside the bounds of the array.,SimpleController.FixedUpdate () (at <a8210e2c524f4006b7abbb82895ebd2e>:0).  
6.92,Exception,IndexOutOfRangeException: Index was outside the bounds of the array.,SimpleController.FixedUpdate () (at <a8210e2c524f4006b7abbb82895ebd2e>:0).  
6.94,Exception,IndexOutOfRangeException: Index was outside the bounds of the array.,SimpleController.FixedUpdate () (at <a8210e2c524f4006b7abbb82895ebd2e>:0).  
6.96,Exception,IndexOutOfRangeException: Index was outside the bounds of the array.,SimpleController.FixedUpdate () (at <a8210e2c524f4006b7abbb82895ebd2e>:0).  
6.98,Exception,IndexOutOfRangeException: Index was outside the bounds of the array.,SimpleController.FixedUpdate () (at <a8210e2c524f4006b7abbb82895ebd2e>:0).  
7,Exception,IndexOutOfRangeException: Index was outside the bounds of the array.,SimpleController.FixedUpdate () (at <a8210e2c524f4006b7abbb82895ebd2e>:0).  
7.02,Exception,IndexOutOfRangeException: Index was outside the bounds of the array.,SimpleController.FixedUpdate () (at <a8210e2c524f4006b7abbb82895ebd2e>:0).  
7.04,Exception,IndexOutOfRangeException: Index was outside the bounds of the array.,SimpleController.FixedUpdate () (at <a8210e2c524f4006b7abbb82895ebd2e>:0).  
7.06,Exception,IndexOutOfRangeException: Index was outside the bounds of the array.,SimpleController.FixedUpdate () (at <a8210e2c524f4006b7abbb82895ebd2e>:0).  
7.08,Exception,IndexOutOfRangeException: Index was outside the bounds of the array.,SimpleController.FixedUpdate () (at <a8210e2c524f4006b7abbb82895ebd2e>:0).  
7.1,Exception,IndexOutOfRangeException: Index was outside the bounds of the array.,SimpleController.FixedUpdate () (at <a8210e2c524f4006b7abbb82895ebd2e>:0).  
7.12,Exception,IndexOutOfRangeException: Index was outside the bounds of the array.,SimpleController.FixedUpdate () (at <a8210e2c524f4006b7abbb82895ebd2e>:0).  
7.14,Exception,IndexOutOfRangeException: Index was outside the bounds of the array.,SimpleController.FixedUpdate () (at <a8210e2c524f4006b7abbb82895ebd2e>:0).  
7.16,Exception,IndexOutOfRangeException: Index was outside the bounds of the array.,SimpleController.FixedUpdate () (at <a8210e2c524f4006b7abbb82895ebd2e>:0).  
7.18,Exception,IndexOutOfRangeException: Index was outside the bounds of the array.,SimpleController.FixedUpdate () (at <a8210e2c524f4006b7abbb82895ebd2e>:0).  
7.2,Exception,IndexOutOfRangeException: Index was outside the bounds of the array.,SimpleController.FixedUpdate () (at <a8210e2c524f4006b7abbb82895ebd2e>:0).  
7.22,Exception,IndexOutOfRangeException: Index was outside the bounds of the array.,SimpleController.FixedUpdate () (at <a8210e2c524f4006b7abbb82895ebd2e>:0).  
7.24,Exception,IndexOutOfRangeException: Index was outside the bounds of the array.,SimpleController.FixedUpdate () (at <a8210e2c524f4006b7abbb82895ebd2e>:0).  
7.26,Exception,IndexOutOfRangeException: Index was outside the bounds of the array.,SimpleController.FixedUpdate () (at <a8210e2c524f4006b7abbb82895ebd2e>:0).  
7.28,Exception,IndexOutOfRangeException: Index was outside the bounds of the array.,SimpleController.FixedUpdate () (at <a8210e2c524f4006b7abbb82895ebd2e>:0).  
7.3,Exception,IndexOutOfRangeException: Index was outside the bounds of the array.,SimpleController.FixedUpdate () (at <a8210e2c524f4006b7abbb82895ebd2e>:0).  
7.32,Exception,IndexOutOfRangeException: Index was outside the bounds of the array.,SimpleController.FixedUpdate () (at <a8210e2c524f4006b7abbb82895ebd2e>:0).  
7.34,Exception,IndexOutOfRangeException: Index was outside the bounds of the array.,SimpleController.FixedUpdate () (at <a8210e2c524f4006b7abbb82895ebd2e>:0).  
7.36,Exception,IndexOutOfRangeException: Index was outside the bounds of the array.,SimpleController.FixedUpdate () (at <a8210e2c524f4006b7abbb82895ebd2e>:0).  
7.38,Exception,IndexOutOfRangeException: Index was outside the bounds of the array.,SimpleController.FixedUpdate () (at <a8210e2c524f4006b7abbb82895ebd2e>:0).  
7.4,Exception,IndexOutOfRangeException: Index was outside the bounds of the array.,SimpleController.FixedUpdate () (at <a8210e2c524f4006b7abbb82895ebd2e>:0).  
7.42,Exception,IndexOutOfRangeException: Index was outside the bounds of the array.,SimpleController.FixedUpdate () (at <a8210e2c524f4006b7abbb82895ebd2e>:0).  
7.44,Exception,IndexOutOfRangeException: Index was outside the bounds of the array.,SimpleController.FixedUpdate () (at <a8210e2c524f4006b7abbb82895ebd2e>:0).  
7.46,Exception,IndexOutOfRangeException: Index was outside the bounds of the array.,SimpleController.FixedUpdate () (at <a8210e2c524f4006b7abbb82895ebd2e>:0).  
7.48,Exception,IndexOutOfRangeException: Index was outside the bounds of the array.,SimpleController.FixedUpdate () (at <a8210e2c524f4006b7abbb82895ebd2e>:0).  
7.5,Exception,IndexOutOfRangeException: Index was outside the bounds of the array.,SimpleController.FixedUpdate () (at <a8210e2c524f4006b7abbb82895ebd2e>:0).  
7.52,Exception,IndexOutOfRangeException: Index was outside the bounds of the array.,SimpleController.FixedUpdate () (at <a8210e2c524f4006b7abbb82895ebd2e>:0).  
7.54,Exception,IndexOutOfRangeException: Index was outside the bounds of the array.,SimpleController.FixedUpdate () (at <a8210e2c524f4006b7abbb82895ebd2e>:0).  
7.56,Exception,IndexOutOfRangeException: Index was outside the bounds of the array.,SimpleController.FixedUpdate () (at <a8210e2c524f4006b7abbb82895ebd2e>:0).  
7.58,Exception,IndexOutOfRangeException: Index was outside the bounds of the array.,SimpleController.FixedUpdate () (at <a8210e2c524f4006b7abbb82895ebd2e>:0).  
7.6,Exception,IndexOutOfRangeException: Index was outside the bounds of the array.,SimpleController.FixedUpdate () (at <a8210e2c524f4006b7abbb82895ebd2e>:0).  
7.62,Exception,IndexOutOfRangeException: Index was outside the bounds of the array.,SimpleController.FixedUpdate () (at <a8210e2c524f4006b7abbb82895ebd2e>:0).  
7.64,Exception,IndexOutOfRangeException: Index was outside the bounds of the array.,SimpleController.FixedUpdate () (at <a8210e2c524f4006b7abbb82895ebd2e>:0).  
7.66,Exception,IndexOutOfRangeException: Index was outside the bounds of the array.,SimpleController.FixedUpdate () (at <a8210e2c524f4006b7abbb82895ebd2e>:0).  
7.68,Exception,IndexOutOfRangeException: Index was outside the bounds of the array.,SimpleController.FixedUpdate () (at <a8210e2c524f4006b7abbb82895ebd2e>:0).  
7.7,Exception,IndexOutOfRangeException: Index was outside the bounds of the array.,SimpleController.FixedUpdate () (at <a8210e2c524f4006b7abbb82895ebd2e>:0).  
7.72,Exception,IndexOutOfRangeException: Index was outside the bounds of the array.,SimpleController.FixedUpdate () (at <a8210e2c524f4006b7abbb82895ebd2e>:0).  
7.74,Exception,IndexOutOfRangeException: Index was outside the bounds of the array.,SimpleController.FixedUpdate () (at <a8210e2c524f4006b7abbb82895ebd2e>:0).  
7.76,Exception,IndexOutOfRangeException: Index was outside the bounds of the array.,SimpleController.FixedUpdate () (at <a8210e2c524f4006b7abbb82895ebd2e>:0).  
7.78,Exception,IndexOutOfRangeException: Index was outside the bounds of the array.,SimpleController.FixedUpdate () (at <a8210e2c524f4006b7abbb82895ebd2e>:0).  
7.8,Exception,IndexOutOfRangeException: Index was outside the bounds of the array.,SimpleController.FixedUpdate () (at <a8210e2c524f4006b7abbb82895ebd2e>:0).  
7.82,Exception,IndexOutOfRangeException: Index was outside the bounds of the array.,SimpleController.FixedUpdate () (at <a8210e2c524f4006b7abbb82895ebd2e>:0).  
7.84,Exception,IndexOutOfRangeException: Index was outside the bounds of the array.,SimpleController.FixedUpdate () (at <a8210e2c524f4006b7abbb82895ebd2e>:0).  
7.86,Exception,IndexOutOfRangeException: Index was outside the bounds of the array.,SimpleController.FixedUpdate () (at <a8210e2c524f4006b7abbb82895ebd2e>:0).  
7.88,Exception,IndexOutOfRangeException: Index was outside the bounds of the array.,SimpleController.FixedUpdate () (at <a8210e2c524f4006b7abbb82895ebd2e>:0).  
7.9,Exception,IndexOutOfRangeException: Index was outside the bounds of the array.,SimpleController.FixedUpdate () (at <a8210e2c524f4006b7abbb82895ebd2e>:0).  
7.92,Exception,IndexOutOfRangeException: Index was outside the bounds of the array.,SimpleController.FixedUpdate () (at <a8210e2c524f4006b7abbb82895ebd2e>:0).  
7.94,Exception,IndexOutOfRangeException: Index was outside the bounds of the array.,SimpleController.FixedUpdate () (at <a8210e2c524f4006b7abbb82895ebd2e>:0).  
7.96,Exception,IndexOutOfRangeException: Index was outside the bounds of the array.,SimpleController.FixedUpdate () (at <a8210e2c524f4006b7abbb82895ebd2e>:0).  
7.98,Exception,IndexOutOfRangeException: Index was outside the bounds of the array.,SimpleController.FixedUpdate () (at <a8210e2c524f4006b7abbb82895ebd2e>:0).  
8,Exception,IndexOutOfRangeException: Index was outside the bounds of the array.,SimpleController.FixedUpdate () (at <a8210e2c524f4006b7abbb82895ebd2e>:0).  
8.02,Exception,IndexOutOfRangeException: Index was outside the bounds of the array.,SimpleController.FixedUpdate () (at <a8210e2c524f4006b7abbb82895ebd2e>:0).  
8.04,Exception,IndexOutOfRangeException: Index was outside the bounds of the array.,SimpleController.FixedUpdate () (at <a8210e2c524f4006b7abbb82895ebd2e>:0).  
8.059999,Exception,IndexOutOfRangeException: Index was outside the bounds of the array.,SimpleController.FixedUpdate () (at <a8210e2c524f4006b7abbb82895ebd2e>:0).  
8.08,Exception,IndexOutOfRangeException: Index was outside the bounds of the array.,SimpleController.FixedUpdate () (at <a8210e2c524f4006b7abbb82895ebd2e>:0).  
8.099999,Exception,IndexOutOfRangeException: Index was outside the bounds of the array.,SimpleController.FixedUpdate () (at <a8210e2c524f4006b7abbb82895ebd2e>:0).  
8.12,Exception,IndexOutOfRangeException: Index was outside the bounds of the array.,SimpleController.FixedUpdate () (at <a8210e2c524f4006b7abbb82895ebd2e>:0).  
8.139999,Exception,IndexOutOfRangeException: Index was outside the bounds of the array.,SimpleController.FixedUpdate () (at <a8210e2c524f4006b7abbb82895ebd2e>:0).  
8.16,Exception,IndexOutOfRangeException: Index was outside the bounds of the array.,SimpleController.FixedUpdate () (at <a8210e2c524f4006b7abbb82895ebd2e>:0).  
8.179999,Exception,IndexOutOfRangeException: Index was outside the bounds of the array.,SimpleController.FixedUpdate () (at <a8210e2c524f4006b7abbb82895ebd2e>:0).  
8.2,Exception,IndexOutOfRangeException: Index was outside the bounds of the array.,SimpleController.FixedUpdate () (at <a8210e2c524f4006b7abbb82895ebd2e>:0).  
8.22,Exception,IndexOutOfRangeException: Index was outside the bounds of the array.,SimpleController.FixedUpdate () (at <a8210e2c524f4006b7abbb82895ebd2e>:0).  
8.24,Exception,IndexOutOfRangeException: Index was outside the bounds of the array.,SimpleController.FixedUpdate () (at <a8210e2c524f4006b7abbb82895ebd2e>:0).  
8.26,Exception,IndexOutOfRangeException: Index was outside the bounds of the array.,SimpleController.FixedUpdate () (at <a8210e2c524f4006b7abbb82895ebd2e>:0).  
8.28,Exception,IndexOutOfRangeException: Index was outside the bounds of the array.,SimpleController.FixedUpdate () (at <a8210e2c524f4006b7abbb82895ebd2e>:0).  
8.3,Exception,IndexOutOfRangeException: Index was outside the bounds of the array.,SimpleController.FixedUpdate () (at <a8210e2c524f4006b7abbb82895ebd2e>:0).  
8.32,Exception,IndexOutOfRangeException: Index was outside the bounds of the array.,SimpleController.FixedUpdate () (at <a8210e2c524f4006b7abbb82895ebd2e>:0).  
8.34,Exception,IndexOutOfRangeException: Index was outside the bounds of the array.,SimpleController.FixedUpdate () (at <a8210e2c524f4006b7abbb82895ebd2e>:0).  
8.36,Exception,IndexOutOfRangeException: Index was outside the bounds of the array.,SimpleController.FixedUpdate () (at <a8210e2c524f4006b7abbb82895ebd2e>:0).  
8.38,Exception,IndexOutOfRangeException: Index was outside the bounds of the array.,SimpleController.FixedUpdate () (at <a8210e2c524f4006b7abbb82895ebd2e>:0).  
8.4,Exception,IndexOutOfRangeException: Index was outside the bounds of the array.,SimpleController.FixedUpdate () (at <a8210e2c524f4006b7abbb82895ebd2e>:0).  
8.42,Exception,IndexOutOfRangeException: Index was outside the bounds of the array.,SimpleController.FixedUpdate () (at <a8210e2c524f4006b7abbb82895ebd2e>:0).  
8.44,Exception,IndexOutOfRangeException: Index was outside the bounds of the array.,SimpleController.FixedUpdate () (at <a8210e2c524f4006b7abbb82895ebd2e>:0).  
8.46,Exception,IndexOutOfRangeException: Index was outside the bounds of the array.,SimpleController.FixedUpdate () (at <a8210e2c524f4006b7abbb82895ebd2e>:0).  
8.48,Exception,IndexOutOfRangeException: Index was outside the bounds of the array.,SimpleController.FixedUpdate () (at <a8210e2c524f4006b7abbb82895ebd2e>:0).  
8.5,Exception,IndexOutOfRangeException: Index was outside the bounds of the array.,SimpleController.FixedUpdate () (at <a8210e2c524f4006b7abbb82895ebd2e>:0).  
8.52,Exception,IndexOutOfRangeException: Index was outside the bounds of the array.,SimpleController.FixedUpdate () (at <a8210e2c524f4006b7abbb82895ebd2e>:0).  
8.54,Exception,IndexOutOfRangeException: Index was outside the bounds of the array.,SimpleController.FixedUpdate () (at <a8210e2c524f4006b7abbb82895ebd2e>:0).  
8.559999,Exception,IndexOutOfRangeException: Index was outside the bounds of the array.,SimpleController.FixedUpdate () (at <a8210e2c524f4006b7abbb82895ebd2e>:0).  
8.58,Exception,IndexOutOfRangeException: Index was outside the bounds of the array.,SimpleController.FixedUpdate () (at <a8210e2c524f4006b7abbb82895ebd2e>:0).  
8.599999,Exception,IndexOutOfRangeException: Index was outside the bounds of the array.,SimpleController.FixedUpdate () (at <a8210e2c524f4006b7abbb82895ebd2e>:0).  
8.62,Exception,IndexOutOfRangeException: Index was outside the bounds of the array.,SimpleController.FixedUpdate () (at <a8210e2c524f4006b7abbb82895ebd2e>:0).  
8.639999,Exception,IndexOutOfRangeException: Index was outside the bounds of the array.,SimpleController.FixedUpdate () (at <a8210e2c524f4006b7abbb82895ebd2e>:0).  
8.66,Exception,IndexOutOfRangeException: Index was outside the bounds of the array.,SimpleController.FixedUpdate () (at <a8210e2c524f4006b7abbb82895ebd2e>:0).  
8.679999,Exception,IndexOutOfRangeException: Index was outside the bounds of the array.,SimpleController.FixedUpdate () (at <a8210e2c524f4006b7abbb82895ebd2e>:0).  
8.7,Exception,IndexOutOfRangeException: Index was outside the bounds of the array.,SimpleController.FixedUpdate () (at <a8210e2c524f4006b7abbb82895ebd2e>:0).  
8.72,Exception,IndexOutOfRangeException: Index was outside the bounds of the array.,SimpleController.FixedUpdate () (at <a8210e2c524f4006b7abbb82895ebd2e>:0).  
8.74,Exception,IndexOutOfRangeException: Index was outside the bounds of the array.,SimpleController.FixedUpdate () (at <a8210e2c524f4006b7abbb82895ebd2e>:0).  
8.76,Exception,IndexOutOfRangeException: Index was outside the bounds of the array.,SimpleController.FixedUpdate () (at <a8210e2c524f4006b7abbb82895ebd2e>:0).  
8.78,Exception,IndexOutOfRangeException: Index was outside the bounds of the array.,SimpleController.FixedUpdate () (at <a8210e2c524f4006b7abbb82895ebd2e>:0).  
8.8,Exception,IndexOutOfRangeException: Index was outside the bounds of the array.,SimpleController.FixedUpdate () (at <a8210e2c524f4006b7abbb82895ebd2e>:0).  
8.82,Exception,IndexOutOfRangeException: Index was outside the bounds of the array.,SimpleController.FixedUpdate () (at <a8210e2c524f4006b7abbb82895ebd2e>:0).  
8.84,Exception,IndexOutOfRangeException: Index was outside the bounds of the array.,SimpleController.FixedUpdate () (at <a8210e2c524f4006b7abbb82895ebd2e>:0).  
8.86,Exception,IndexOutOfRangeException: Index was outside the bounds of the array.,SimpleController.FixedUpdate () (at <a8210e2c524f4006b7abbb82895ebd2e>:0).  
8.88,Exception,IndexOutOfRangeException: Index was outside the bounds of the array.,SimpleController.FixedUpdate () (at <a8210e2c524f4006b7abbb82895ebd2e>:0).  
8.9,Exception,IndexOutOfRangeException: Index was outside the bounds of the array.,SimpleController.FixedUpdate () (at <a8210e2c524f4006b7abbb82895ebd2e>:0).  
8.92,Exception,IndexOutOfRangeException: Index was outside the bounds of the array.,SimpleController.FixedUpdate () (at <a8210e2c524f4006b7abbb82895ebd2e>:0).  
8.94,Exception,IndexOutOfRangeException: Index was outside the bounds of the array.,SimpleController.FixedUpdate () (at <a8210e2c524f4006b7abbb82895ebd2e>:0).  
8.96,Exception,IndexOutOfRangeException: Index was outside the bounds of the array.,SimpleController.FixedUpdate () (at <a8210e2c524f4006b7abbb82895ebd2e>:0).  
8.98,Exception,IndexOutOfRangeException: Index was outside the bounds of the array.,SimpleController.FixedUpdate () (at <a8210e2c524f4006b7abbb82895ebd2e>:0).  
9,Exception,IndexOutOfRangeException: Index was outside the bounds of the array.,SimpleController.FixedUpdate () (at <a8210e2c524f4006b7abbb82895ebd2e>:0).  
9.02,Exception,IndexOutOfRangeException: Index was outside the bounds of the array.,SimpleController.FixedUpdate () (at <a8210e2c524f4006b7abbb82895ebd2e>:0).  
9.04,Exception,IndexOutOfRangeException: Index was outside the bounds of the array.,SimpleController.FixedUpdate () (at <a8210e2c524f4006b7abbb82895ebd2e>:0).  
9.059999,Exception,IndexOutOfRangeException: Index was outside the bounds of the array.,SimpleController.FixedUpdate () (at <a8210e2c524f4006b7abbb82895ebd2e>:0).  
9.08,Exception,IndexOutOfRangeException: Index was outside the bounds of the array.,SimpleController.FixedUpdate () (at <a8210e2c524f4006b7abbb82895ebd2e>:0).  
9.099999,Exception,IndexOutOfRangeException: Index was outside the bounds of the array.,SimpleController.FixedUpdate () (at <a8210e2c524f4006b7abbb82895ebd2e>:0).  
9.12,Exception,IndexOutOfRangeException: Index was outside the bounds of the array.,SimpleController.FixedUpdate () (at <a8210e2c524f4006b7abbb82895ebd2e>:0).  
9.139999,Exception,IndexOutOfRangeException: Index was outside the bounds of the array.,SimpleController.FixedUpdate () (at <a8210e2c524f4006b7abbb82895ebd2e>:0).  
9.16,Exception,IndexOutOfRangeException: Index was outside the bounds of the array.,SimpleController.FixedUpdate () (at <a8210e2c524f4006b7abbb82895ebd2e>:0).  
9.179999,Exception,IndexOutOfRangeException: Index was outside the bounds of the array.,SimpleController.FixedUpdate () (at <a8210e2c524f4006b7abbb82895ebd2e>:0).  
9.2,Exception,IndexOutOfRangeException: Index was outside the bounds of the array.,SimpleController.FixedUpdate () (at <a8210e2c524f4006b7abbb82895ebd2e>:0).  
9.22,Exception,IndexOutOfRangeException: Index was outside the bounds of the array.,SimpleController.FixedUpdate () (at <a8210e2c524f4006b7abbb82895ebd2e>:0).  
9.24,Exception,IndexOutOfRangeException: Index was outside the bounds of the array.,SimpleController.FixedUpdate () (at <a8210e2c524f4006b7abbb82895ebd2e>:0).  
9.26,Exception,IndexOutOfRangeException: Index was outside the bounds of the array.,SimpleController.FixedUpdate () (at <a8210e2c524f4006b7abbb82895ebd2e>:0).  
9.28,Exception,IndexOutOfRangeException: Index was outside the bounds of the array.,SimpleController.FixedUpdate () (at <a8210e2c524f4006b7abbb82895ebd2e>:0).  
9.3,Exception,IndexOutOfRangeException: Index was outside the bounds of the array.,SimpleController.FixedUpdate () (at <a8210e2c524f4006b7abbb82895ebd2e>:0).  
9.32,Exception,IndexOutOfRangeException: Index was outside the bounds of the array.,SimpleController.FixedUpdate () (at <a8210e2c524f4006b7abbb82895ebd2e>:0).  
9.34,Exception,IndexOutOfRangeException: Index was outside the bounds of the array.,SimpleController.FixedUpdate () (at <a8210e2c524f4006b7abbb82895ebd2e>:0).  
9.36,Exception,IndexOutOfRangeException: Index was outside the bounds of the array.,SimpleController.FixedUpdate () (at <a8210e2c524f4006b7abbb82895ebd2e>:0).  
9.38,Exception,IndexOutOfRangeException: Index was outside the bounds of the array.,SimpleController.FixedUpdate () (at <a8210e2c524f4006b7abbb82895ebd2e>:0).  
9.4,Exception,IndexOutOfRangeException: Index was outside the bounds of the array.,SimpleController.FixedUpdate () (at <a8210e2c524f4006b7abbb82895ebd2e>:0).  
9.42,Exception,IndexOutOfRangeException: Index was outside the bounds of the array.,SimpleController.FixedUpdate () (at <a8210e2c524f4006b7abbb82895ebd2e>:0).  
9.44,Exception,IndexOutOfRangeException: Index was outside the bounds of the array.,SimpleController.FixedUpdate () (at <a8210e2c524f4006b7abbb82895ebd2e>:0).  
9.46,Exception,IndexOutOfRangeException: Index was outside the bounds of the array.,SimpleController.FixedUpdate () (at <a8210e2c524f4006b7abbb82895ebd2e>:0).  
9.48,Exception,IndexOutOfRangeException: Index was outside the bounds of the array.,SimpleController.FixedUpdate () (at <a8210e2c524f4006b7abbb82895ebd2e>:0).  
9.5,Exception,IndexOutOfRangeException: Index was outside the bounds of the array.,SimpleController.FixedUpdate () (at <a8210e2c524f4006b7abbb82895ebd2e>:0).  
9.52,Exception,IndexOutOfRangeException: Index was outside the bounds of the array.,SimpleController.FixedUpdate () (at <a8210e2c524f4006b7abbb82895ebd2e>:0).  
9.54,Exception,IndexOutOfRangeException: Index was outside the bounds of the array.,SimpleController.FixedUpdate () (at <a8210e2c524f4006b7abbb82895ebd2e>:0).  
9.559999,Exception,IndexOutOfRangeException: Index was outside the bounds of the array.,SimpleController.FixedUpdate () (at <a8210e2c524f4006b7abbb82895ebd2e>:0).  
9.58,Exception,IndexOutOfRangeException: Index was outside the bounds of the array.,SimpleController.FixedUpdate () (at <a8210e2c524f4006b7abbb82895ebd2e>:0).  
9.599999,Exception,IndexOutOfRangeException: Index was outside the bounds of the array.,SimpleController.FixedUpdate () (at <a8210e2c524f4006b7abbb82895ebd2e>:0).  
9.62,Exception,IndexOutOfRangeException: Index was outside the bounds of the array.,SimpleController.FixedUpdate () (at <a8210e2c524f4006b7abbb82895ebd2e>:0).  
9.639999,Exception,IndexOutOfRangeException: Index was outside the bounds of the array.,SimpleController.FixedUpdate () (at <a8210e2c524f4006b7abbb82895ebd2e>:0).  
9.66,Exception,IndexOutOfRangeException: Index was outside the bounds of the array.,SimpleController.FixedUpdate () (at <a8210e2c524f4006b7abbb82895ebd2e>:0).  
9.679999,Exception,IndexOutOfRangeException: Index was outside the bounds of the array.,SimpleController.FixedUpdate () (at <a8210e2c524f4006b7abbb82895ebd2e>:0).  
9.7,Exception,IndexOutOfRangeException: Index was outside the bounds of the array.,SimpleController.FixedUpdate () (at <a8210e2c524f4006b7abbb82895ebd2e>:0).  
9.719999,Exception,IndexOutOfRangeException: Index was outside the bounds of the array.,SimpleController.FixedUpdate () (at <a8210e2c524f4006b7abbb82895ebd2e>:0).  
9.74,Exception,IndexOutOfRangeException: Index was outside the bounds of the array.,SimpleController.FixedUpdate () (at <a8210e2c524f4006b7abbb82895ebd2e>:0).  
9.76,Exception,IndexOutOfRangeException: Index was outside the bounds of the array.,SimpleController.FixedUpdate () (at <a8210e2c524f4006b7abbb82895ebd2e>:0).  
9.78,Exception,IndexOutOfRangeException: Index was outside the bounds of the array.,SimpleController.FixedUpdate () (at <a8210e2c524f4006b7abbb82895ebd2e>:0).  
9.8,Exception,IndexOutOfRangeException: Index was outside the bounds of the array.,SimpleController.FixedUpdate () (at <a8210e2c524f4006b7abbb82895ebd2e>:0).  
9.82,Exception,IndexOutOfRangeException: Index was outside the bounds of the array.,SimpleController.FixedUpdate () (at <a8210e2c524f4006b7abbb82895ebd2e>:0).  
9.84,Exception,IndexOutOfRangeException: Index was outside the bounds of the array.,SimpleController.FixedUpdate () (at <a8210e2c524f4006b7abbb82895ebd2e>:0).  
9.86,Exception,IndexOutOfRangeException: Index was outside the bounds of the array.,SimpleController.FixedUpdate () (at <a8210e2c524f4006b7abbb82895ebd2e>:0).  
9.88,Exception,IndexOutOfRangeException: Index was outside the bounds of the array.,SimpleController.FixedUpdate () (at <a8210e2c524f4006b7abbb82895ebd2e>:0).  
9.9,Exception,IndexOutOfRangeException: Index was outside the bounds of the array.,SimpleController.FixedUpdate () (at <a8210e2c524f4006b7abbb82895ebd2e>:0).  
9.92,Exception,IndexOutOfRangeException: Index was outside the bounds of the array.,SimpleController.FixedUpdate () (at <a8210e2c524f4006b7abbb82895ebd2e>:0).  
9.94,Exception,IndexOutOfRangeException: Index was outside the bounds of the array.,SimpleController.FixedUpdate () (at <a8210e2c524f4006b7abbb82895ebd2e>:0).  
9.96,Exception,IndexOutOfRangeException: Index was outside the bounds of the array.,SimpleController.FixedUpdate () (at <a8210e2c524f4006b7abbb82895ebd2e>:0).  
9.98,Exception,IndexOutOfRangeException: Index was outside the bounds of the array.,SimpleController.FixedUpdate () (at <a8210e2c524f4006b7abbb82895ebd2e>:0).  
10,Exception,IndexOutOfRangeException: Index was outside the bounds of the array.,SimpleController.FixedUpdate () (at <a8210e2c524f4006b7abbb82895ebd2e>:0).  
10.02,Exception,IndexOutOfRangeException: Index was outside the bounds of the array.,SimpleController.FixedUpdate () (at <a8210e2c524f4006b7abbb82895ebd2e>:0).  
10.04,Exception,IndexOutOfRangeException: Index was outside the bounds of the array.,SimpleController.FixedUpdate () (at <a8210e2c524f4006b7abbb82895ebd2e>:0).  
10.06,Exception,IndexOutOfRangeException: Index was outside the bounds of the array.,SimpleController.FixedUpdate () (at <a8210e2c524f4006b7abbb82895ebd2e>:0).  
10.08,Exception,IndexOutOfRangeException: Index was outside the bounds of the array.,SimpleController.FixedUpdate () (at <a8210e2c524f4006b7abbb82895ebd2e>:0).  
10.1,Exception,IndexOutOfRangeException: Index was outside the bounds of the array.,SimpleController.FixedUpdate () (at <a8210e2c524f4006b7abbb82895ebd2e>:0).  
10.12,Exception,IndexOutOfRangeException: Index was outside the bounds of the array.,SimpleController.FixedUpdate () (at <a8210e2c524f4006b7abbb82895ebd2e>:0).  
10.14,Exception,IndexOutOfRangeException: Index was outside the bounds of the array.,SimpleController.FixedUpdate () (at <a8210e2c524f4006b7abbb82895ebd2e>:0).  
10.16,Exception,IndexOutOfRangeException: Index was outside the bounds of the array.,SimpleController.FixedUpdate () (at <a8210e2c524f4006b7abbb82895ebd2e>:0).  
10.18,Exception,IndexOutOfRangeException: Index was outside the bounds of the array.,SimpleController.FixedUpdate () (at <a8210e2c524f4006b7abbb82895ebd2e>:0).  
10.2,Exception,IndexOutOfRangeException: Index was outside the bounds of the array.,SimpleController.FixedUpdate () (at <a8210e2c524f4006b7abbb82895ebd2e>:0).  
10.22,Exception,IndexOutOfRangeException: Index was outside the bounds of the array.,SimpleController.FixedUpdate () (at <a8210e2c524f4006b7abbb82895ebd2e>:0).  
10.24,Exception,IndexOutOfRangeException: Index was outside the bounds of the array.,SimpleController.FixedUpdate () (at <a8210e2c524f4006b7abbb82895ebd2e>:0).  
10.26,Exception,IndexOutOfRangeException: Index was outside the bounds of the array.,SimpleController.FixedUpdate () (at <a8210e2c524f4006b7abbb82895ebd2e>:0).  
10.28,Exception,IndexOutOfRangeException: Index was outside the bounds of the array.,SimpleController.FixedUpdate () (at <a8210e2c524f4006b7abbb82895ebd2e>:0).  
10.3,Exception,IndexOutOfRangeException: Index was outside the bounds of the array.,SimpleController.FixedUpdate () (at <a8210e2c524f4006b7abbb82895ebd2e>:0).  
10.32,Exception,IndexOutOfRangeException: Index was outside the bounds of the array.,SimpleController.FixedUpdate () (at <a8210e2c524f4006b7abbb82895ebd2e>:0).  
10.34,Exception,IndexOutOfRangeException: Index was outside the bounds of the array.,SimpleController.FixedUpdate () (at <a8210e2c524f4006b7abbb82895ebd2e>:0).  
10.36,Exception,IndexOutOfRangeException: Index was outside the bounds of the array.,SimpleController.FixedUpdate () (at <a8210e2c524f4006b7abbb82895ebd2e>:0).  
10.38,Exception,IndexOutOfRangeException: Index was outside the bounds of the array.,SimpleController.FixedUpdate () (at <a8210e2c524f4006b7abbb82895ebd2e>:0).  
10.4,Exception,IndexOutOfRangeException: Index was outside the bounds of the array.,SimpleController.FixedUpdate () (at <a8210e2c524f4006b7abbb82895ebd2e>:0).  
10.42,Exception,IndexOutOfRangeException: Index was outside the bounds of the array.,SimpleController.FixedUpdate () (at <a8210e2c524f4006b7abbb82895ebd2e>:0).  
10.44,Exception,IndexOutOfRangeException: Index was outside the bounds of the array.,SimpleController.FixedUpdate () (at <a8210e2c524f4006b7abbb82895ebd2e>:0).  
10.46,Exception,IndexOutOfRangeException: Index was outside the bounds of the array.,SimpleController.FixedUpdate () (at <a8210e2c524f4006b7abbb82895ebd2e>:0).  
10.48,Exception,IndexOutOfRangeException: Index was outside the bounds of the array.,SimpleController.FixedUpdate () (at <a8210e2c524f4006b7abbb82895ebd2e>:0).  
10.5,Exception,IndexOutOfRangeException: Index was outside the bounds of the array.,SimpleController.FixedUpdate () (at <a8210e2c524f4006b7abbb82895ebd2e>:0).  
10.52,Exception,IndexOutOfRangeException: Index was outside the bounds of the array.,SimpleController.FixedUpdate () (at <a8210e2c524f4006b7abbb82895ebd2e>:0).  
10.54,Exception,IndexOutOfRangeException: Index was outside the bounds of the array.,SimpleController.FixedUpdate () (at <a8210e2c524f4006b7abbb82895ebd2e>:0).  
10.56,Exception,IndexOutOfRangeException: Index was outside the bounds of the array.,SimpleController.FixedUpdate () (at <a8210e2c524f4006b7abbb82895ebd2e>:0).  
10.58,Exception,IndexOutOfRangeException: Index was outside the bounds of the array.,SimpleController.FixedUpdate () (at <a8210e2c524f4006b7abbb82895ebd2e>:0).  
10.6,Exception,IndexOutOfRangeException: Index was outside the bounds of the array.,SimpleController.FixedUpdate () (at <a8210e2c524f4006b7abbb82895ebd2e>:0).  
10.62,Exception,IndexOutOfRangeException: Index was outside the bounds of the array.,SimpleController.FixedUpdate () (at <a8210e2c524f4006b7abbb82895ebd2e>:0).  
10.64,Exception,IndexOutOfRangeException: Index was outside the bounds of the array.,SimpleController.FixedUpdate () (at <a8210e2c524f4006b7abbb82895ebd2e>:0).  
10.66,Exception,IndexOutOfRangeException: Index was outside the bounds of the array.,SimpleController.FixedUpdate () (at <a8210e2c524f4006b7abbb82895ebd2e>:0).  
10.68,Exception,IndexOutOfRangeException: Index was outside the bounds of the array.,SimpleController.FixedUpdate () (at <a8210e2c524f4006b7abbb82895ebd2e>:0).  
10.7,Exception,IndexOutOfRangeException: Index was outside the bounds of the array.,SimpleController.FixedUpdate () (at <a8210e2c524f4006b7abbb82895ebd2e>:0).  
10.72,Exception,IndexOutOfRangeException: Index was outside the bounds of the array.,SimpleController.FixedUpdate () (at <a8210e2c524f4006b7abbb82895ebd2e>:0).  
10.74,Exception,IndexOutOfRangeException: Index was outside the bounds of the array.,SimpleController.FixedUpdate () (at <a8210e2c524f4006b7abbb82895ebd2e>:0).  
10.76,Exception,IndexOutOfRangeException: Index was outside the bounds of the array.,SimpleController.FixedUpdate () (at <a8210e2c524f4006b7abbb82895ebd2e>:0).  
10.78,Exception,IndexOutOfRangeException: Index was outside the bounds of the array.,SimpleController.FixedUpdate () (at <a8210e2c524f4006b7abbb82895ebd2e>:0).  
10.8,Exception,IndexOutOfRangeException: Index was outside the bounds of the array.,SimpleController.FixedUpdate () (at <a8210e2c524f4006b7abbb82895ebd2e>:0).  
10.82,Exception,IndexOutOfRangeException: Index was outside the bounds of the array.,SimpleController.FixedUpdate () (at <a8210e2c524f4006b7abbb82895ebd2e>:0).  
10.84,Exception,IndexOutOfRangeException: Index was outside the bounds of the array.,SimpleController.FixedUpdate () (at <a8210e2c524f4006b7abbb82895ebd2e>:0).  
10.86,Exception,IndexOutOfRangeException: Index was outside the bounds of the array.,SimpleController.FixedUpdate () (at <a8210e2c524f4006b7abbb82895ebd2e>:0).  
10.88,Exception,IndexOutOfRangeException: Index was outside the bounds of the array.,SimpleController.FixedUpdate () (at <a8210e2c524f4006b7abbb82895ebd2e>:0).  
10.9,Exception,IndexOutOfRangeException: Index was outside the bounds of the array.,SimpleController.FixedUpdate () (at <a8210e2c524f4006b7abbb82895ebd2e>:0).  
10.92,Exception,IndexOutOfRangeException: Index was outside the bounds of the array.,SimpleController.FixedUpdate () (at <a8210e2c524f4006b7abbb82895ebd2e>:0).  
10.94,Exception,IndexOutOfRangeException: Index was outside the bounds of the array.,SimpleController.FixedUpdate () (at <a8210e2c524f4006b7abbb82895ebd2e>:0).  
10.96,Exception,IndexOutOfRangeException: Index was outside the bounds of the array.,SimpleController.FixedUpdate () (at <a8210e2c524f4006b7abbb82895ebd2e>:0).  
10.98,Exception,IndexOutOfRangeException: Index was outside the bounds of the array.,SimpleController.FixedUpdate () (at <a8210e2c524f4006b7abbb82895ebd2e>:0).  
11,Exception,IndexOutOfRangeException: Index was outside the bounds of the array.,SimpleController.FixedUpdate () (at <a8210e2c524f4006b7abbb82895ebd2e>:0).  
11.02,Exception,IndexOutOfRangeException: Index was outside the bounds of the array.,SimpleController.FixedUpdate () (at <a8210e2c524f4006b7abbb82895ebd2e>:0).  
11.04,Exception,IndexOutOfRangeException: Index was outside the bounds of the array.,SimpleController.FixedUpdate () (at <a8210e2c524f4006b7abbb82895ebd2e>:0).  
11.06,Exception,IndexOutOfRangeException: Index was outside the bounds of the array.,SimpleController.FixedUpdate () (at <a8210e2c524f4006b7abbb82895ebd2e>:0).  
11.08,Exception,IndexOutOfRangeException: Index was outside the bounds of the array.,SimpleController.FixedUpdate () (at <a8210e2c524f4006b7abbb82895ebd2e>:0).  
11.1,Exception,IndexOutOfRangeException: Index was outside the bounds of the array.,SimpleController.FixedUpdate () (at <a8210e2c524f4006b7abbb82895ebd2e>:0).  
11.12,Exception,IndexOutOfRangeException: Index was outside the bounds of the array.,SimpleController.FixedUpdate () (at <a8210e2c524f4006b7abbb82895ebd2e>:0).  
11.14,Exception,IndexOutOfRangeException: Index was outside the bounds of the array.,SimpleController.FixedUpdate () (at <a8210e2c524f4006b7abbb82895ebd2e>:0).  
11.16,Exception,IndexOutOfRangeException: Index was outside the bounds of the array.,SimpleController.FixedUpdate () (at <a8210e2c524f4006b7abbb82895ebd2e>:0).  
11.18,Exception,IndexOutOfRangeException: Index was outside the bounds of the array.,SimpleController.FixedUpdate () (at <a8210e2c524f4006b7abbb82895ebd2e>:0).  
11.2,Exception,IndexOutOfRangeException: Index was outside the bounds of the array.,SimpleController.FixedUpdate () (at <a8210e2c524f4006b7abbb82895ebd2e>:0).  
11.22,Exception,IndexOutOfRangeException: Index was outside the bounds of the array.,SimpleController.FixedUpdate () (at <a8210e2c524f4006b7abbb82895ebd2e>:0).  
11.24,Exception,IndexOutOfRangeException: Index was outside the bounds of the array.,SimpleController.FixedUpdate () (at <a8210e2c524f4006b7abbb82895ebd2e>:0).  
11.26,Exception,IndexOutOfRangeException: Index was outside the bounds of the array.,SimpleController.FixedUpdate () (at <a8210e2c524f4006b7abbb82895ebd2e>:0).  
11.28,Exception,IndexOutOfRangeException: Index was outside the bounds of the array.,SimpleController.FixedUpdate () (at <a8210e2c524f4006b7abbb82895ebd2e>:0).  
11.3,Exception,IndexOutOfRangeException: Index was outside the bounds of the array.,SimpleController.FixedUpdate () (at <a8210e2c524f4006b7abbb82895ebd2e>:0).  
11.32,Exception,IndexOutOfRangeException: Index was outside the bounds of the array.,SimpleController.FixedUpdate () (at <a8210e2c524f4006b7abbb82895ebd2e>:0).  
11.34,Exception,IndexOutOfRangeException: Index was outside the bounds of the array.,SimpleController.FixedUpdate () (at <a8210e2c524f4006b7abbb82895ebd2e>:0).  
11.36,Exception,IndexOutOfRangeException: Index was outside the bounds of the array.,SimpleController.FixedUpdate () (at <a8210e2c524f4006b7abbb82895ebd2e>:0).  
11.38,Exception,IndexOutOfRangeException: Index was outside the bounds of the array.,SimpleController.FixedUpdate () (at <a8210e2c524f4006b7abbb82895ebd2e>:0).  
11.4,Exception,IndexOutOfRangeException: Index was outside the bounds of the array.,SimpleController.FixedUpdate () (at <a8210e2c524f4006b7abbb82895ebd2e>:0).  
11.42,Exception,IndexOutOfRangeException: Index was outside the bounds of the array.,SimpleController.FixedUpdate () (at <a8210e2c524f4006b7abbb82895ebd2e>:0).  
11.44,Exception,IndexOutOfRangeException: Index was outside the bounds of the array.,SimpleController.FixedUpdate () (at <a8210e2c524f4006b7abbb82895ebd2e>:0).  
11.46,Exception,IndexOutOfRangeException: Index was outside the bounds of the array.,SimpleController.FixedUpdate () (at <a8210e2c524f4006b7abbb82895ebd2e>:0).  
11.48,Exception,IndexOutOfRangeException: Index was outside the bounds of the array.,SimpleController.FixedUpdate () (at <a8210e2c524f4006b7abbb82895ebd2e>:0).  
11.5,Exception,IndexOutOfRangeException: Index was outside the bounds of the array.,SimpleController.FixedUpdate () (at <a8210e2c524f4006b7abbb82895ebd2e>:0).  
11.52,Exception,IndexOutOfRangeException: Index was outside the bounds of the array.,SimpleController.FixedUpdate () (at <a8210e2c524f4006b7abbb82895ebd2e>:0).  
11.54,Exception,IndexOutOfRangeException: Index was outside the bounds of the array.,SimpleController.FixedUpdate () (at <a8210e2c524f4006b7abbb82895ebd2e>:0).  
11.56,Exception,IndexOutOfRangeException: Index was outside the bounds of the array.,SimpleController.FixedUpdate () (at <a8210e2c524f4006b7abbb82895ebd2e>:0).  
11.58,Exception,IndexOutOfRangeException: Index was outside the bounds of the array.,SimpleController.FixedUpdate () (at <a8210e2c524f4006b7abbb82895ebd2e>:0).  
11.6,Exception,IndexOutOfRangeException: Index was outside the bounds of the array.,SimpleController.FixedUpdate () (at <a8210e2c524f4006b7abbb82895ebd2e>:0).  
11.62,Exception,IndexOutOfRangeException: Index was outside the bounds of the array.,SimpleController.FixedUpdate () (at <a8210e2c524f4006b7abbb82895ebd2e>:0).  
11.64,Exception,IndexOutOfRangeException: Index was outside the bounds of the array.,SimpleController.FixedUpdate () (at <a8210e2c524f4006b7abbb82895ebd2e>:0).  
11.66,Exception,IndexOutOfRangeException: Index was outside the bounds of the array.,SimpleController.FixedUpdate () (at <a8210e2c524f4006b7abbb82895ebd2e>:0).  
11.68,Exception,IndexOutOfRangeException: Index was outside the bounds of the array.,SimpleController.FixedUpdate () (at <a8210e2c524f4006b7abbb82895ebd2e>:0).  
11.7,Exception,IndexOutOfRangeException: Index was outside the bounds of the array.,SimpleController.FixedUpdate () (at <a8210e2c524f4006b7abbb82895ebd2e>:0).  
11.72,Exception,IndexOutOfRangeException: Index was outside the bounds of the array.,SimpleController.FixedUpdate () (at <a8210e2c524f4006b7abbb82895ebd2e>:0).  
11.74,Exception,IndexOutOfRangeException: Index was outside the bounds of the array.,SimpleController.FixedUpdate () (at <a8210e2c524f4006b7abbb82895ebd2e>:0).  
11.76,Exception,IndexOutOfRangeException: Index was outside the bounds of the array.,SimpleController.FixedUpdate () (at <a8210e2c524f4006b7abbb82895ebd2e>:0).  
11.78,Exception,IndexOutOfRangeException: Index was outside the bounds of the array.,SimpleController.FixedUpdate () (at <a8210e2c524f4006b7abbb82895ebd2e>:0).  
11.8,Exception,IndexOutOfRangeException: Index was outside the bounds of the array.,SimpleController.FixedUpdate () (at <a8210e2c524f4006b7abbb82895ebd2e>:0).  
11.82,Exception,IndexOutOfRangeException: Index was outside the bounds of the array.,SimpleController.FixedUpdate () (at <a8210e2c524f4006b7abbb82895ebd2e>:0).  
11.84,Exception,IndexOutOfRangeException: Index was outside the bounds of the array.,SimpleController.FixedUpdate () (at <a8210e2c524f4006b7abbb82895ebd2e>:0).  
11.86,Exception,IndexOutOfRangeException: Index was outside the bounds of the array.,SimpleController.FixedUpdate () (at <a8210e2c524f4006b7abbb82895ebd2e>:0).  
11.88,Exception,IndexOutOfRangeException: Index was outside the bounds of the array.,SimpleController.FixedUpdate () (at <a8210e2c524f4006b7abbb82895ebd2e>:0).  
11.9,Exception,IndexOutOfRangeException: Index was outside the bounds of the array.,SimpleController.FixedUpdate () (at <a8210e2c524f4006b7abbb82895ebd2e>:0).  
11.92,Exception,IndexOutOfRangeException: Index was outside the bounds of the array.,SimpleController.FixedUpdate () (at <a8210e2c524f4006b7abbb82895ebd2e>:0).  
11.94,Exception,IndexOutOfRangeException: Index was outside the bounds of the array.,SimpleController.FixedUpdate () (at <a8210e2c524f4006b7abbb82895ebd2e>:0).  
11.96,Exception,IndexOutOfRangeException: Index was outside the bounds of the array.,SimpleController.FixedUpdate () (at <a8210e2c524f4006b7abbb82895ebd2e>:0).  
11.98,Exception,IndexOutOfRangeException: Index was outside the bounds of the array.,SimpleController.FixedUpdate () (at <a8210e2c524f4006b7abbb82895ebd2e>:0).  
12,Exception,IndexOutOfRangeException: Index was outside the bounds of the array.,SimpleController.FixedUpdate () (at <a8210e2c524f4006b7abbb82895ebd2e>:0).  
12.02,Exception,IndexOutOfRangeException: Index was outside the bounds of the array.,SimpleController.FixedUpdate () (at <a8210e2c524f4006b7abbb82895ebd2e>:0).  
12.04,Exception,IndexOutOfRangeException: Index was outside the bounds of the array.,SimpleController.FixedUpdate () (at <a8210e2c524f4006b7abbb82895ebd2e>:0).  
12.06,Exception,IndexOutOfRangeException: Index was outside the bounds of the array.,SimpleController.FixedUpdate () (at <a8210e2c524f4006b7abbb82895ebd2e>:0).  
12.08,Exception,IndexOutOfRangeException: Index was outside the bounds of the array.,SimpleController.FixedUpdate () (at <a8210e2c524f4006b7abbb82895ebd2e>:0).  
12.1,Exception,IndexOutOfRangeException: Index was outside the bounds of the array.,SimpleController.FixedUpdate () (at <a8210e2c524f4006b7abbb82895ebd2e>:0).  
12.12,Exception,IndexOutOfRangeException: Index was outside the bounds of the array.,SimpleController.FixedUpdate () (at <a8210e2c524f4006b7abbb82895ebd2e>:0).  
12.14,Exception,IndexOutOfRangeException: Index was outside the bounds of the array.,SimpleController.FixedUpdate () (at <a8210e2c524f4006b7abbb82895ebd2e>:0).  
12.16,Exception,IndexOutOfRangeException: Index was outside the bounds of the array.,SimpleController.FixedUpdate () (at <a8210e2c524f4006b7abbb82895ebd2e>:0).  
12.18,Exception,IndexOutOfRangeException: Index was outside the bounds of the array.,SimpleController.FixedUpdate () (at <a8210e2c524f4006b7abbb82895ebd2e>:0).  
12.2,Exception,IndexOutOfRangeException: Index was outside the bounds of the array.,SimpleController.FixedUpdate () (at <a8210e2c524f4006b7abbb82895ebd2e>:0).  
12.22,Exception,IndexOutOfRangeException: Index was outside the bounds of the array.,SimpleController.FixedUpdate () (at <a8210e2c524f4006b7abbb82895ebd2e>:0).  
12.24,Exception,IndexOutOfRangeException: Index was outside the bounds of the array.,SimpleController.FixedUpdate () (at <a8210e2c524f4006b7abbb82895ebd2e>:0).  
12.26,Exception,IndexOutOfRangeException: Index was outside the bounds of the array.,SimpleController.FixedUpdate () (at <a8210e2c524f4006b7abbb82895ebd2e>:0).  
12.28,Exception,IndexOutOfRangeException: Index was outside the bounds of the array.,SimpleController.FixedUpdate () (at <a8210e2c524f4006b7abbb82895ebd2e>:0).  
12.3,Exception,IndexOutOfRangeException: Index was outside the bounds of the array.,SimpleController.FixedUpdate () (at <a8210e2c524f4006b7abbb82895ebd2e>:0).  
12.32,Exception,IndexOutOfRangeException: Index was outside the bounds of the array.,SimpleController.FixedUpdate () (at <a8210e2c524f4006b7abbb82895ebd2e>:0).  
12.34,Exception,IndexOutOfRangeException: Index was outside the bounds of the array.,SimpleController.FixedUpdate () (at <a8210e2c524f4006b7abbb82895ebd2e>:0).  
12.36,Exception,IndexOutOfRangeException: Index was outside the bounds of the array.,SimpleController.FixedUpdate () (at <a8210e2c524f4006b7abbb82895ebd2e>:0).  
12.38,Exception,IndexOutOfRangeException: Index was outside the bounds of the array.,SimpleController.FixedUpdate () (at <a8210e2c524f4006b7abbb82895ebd2e>:0).  
12.4,Exception,IndexOutOfRangeException: Index was outside the bounds of the array.,SimpleController.FixedUpdate () (at <a8210e2c524f4006b7abbb82895ebd2e>:0).  
12.42,Exception,IndexOutOfRangeException: Index was outside the bounds of the array.,SimpleController.FixedUpdate () (at <a8210e2c524f4006b7abbb82895ebd2e>:0).  
12.44,Exception,IndexOutOfRangeException: Index was outside the bounds of the array.,SimpleController.FixedUpdate () (at <a8210e2c524f4006b7abbb82895ebd2e>:0).  
12.46,Exception,IndexOutOfRangeException: Index was outside the bounds of the array.,SimpleController.FixedUpdate () (at <a8210e2c524f4006b7abbb82895ebd2e>:0).  
12.48,Exception,IndexOutOfRangeException: Index was outside the bounds of the array.,SimpleController.FixedUpdate () (at <a8210e2c524f4006b7abbb82895ebd2e>:0).  
12.5,Exception,IndexOutOfRangeException: Index was outside the bounds of the array.,SimpleController.FixedUpdate () (at <a8210e2c524f4006b7abbb82895ebd2e>:0).  
12.52,Exception,IndexOutOfRangeException: Index was outside the bounds of the array.,SimpleController.FixedUpdate () (at <a8210e2c524f4006b7abbb82895ebd2e>:0).  
12.54,Exception,IndexOutOfRangeException: Index was outside the bounds of the array.,SimpleController.FixedUpdate () (at <a8210e2c524f4006b7abbb82895ebd2e>:0).  
12.56,Exception,IndexOutOfRangeException: Index was outside the bounds of the array.,SimpleController.FixedUpdate () (at <a8210e2c524f4006b7abbb82895ebd2e>:0).  
12.58,Exception,IndexOutOfRangeException: Index was outside the bounds of the array.,SimpleController.FixedUpdate () (at <a8210e2c524f4006b7abbb82895ebd2e>:0).  
12.6,Exception,IndexOutOfRangeException: Index was outside the bounds of the array.,SimpleController.FixedUpdate () (at <a8210e2c524f4006b7abbb82895ebd2e>:0).  
12.62,Exception,IndexOutOfRangeException: Index was outside the bounds of the array.,SimpleController.FixedUpdate () (at <a8210e2c524f4006b7abbb82895ebd2e>:0).  
12.64,Exception,IndexOutOfRangeException: Index was outside the bounds of the array.,SimpleController.FixedUpdate () (at <a8210e2c524f4006b7abbb82895ebd2e>:0).  
12.66,Exception,IndexOutOfRangeException: Index was outside the bounds of the array.,SimpleController.FixedUpdate () (at <a8210e2c524f4006b7abbb82895ebd2e>:0).  
12.68,Exception,IndexOutOfRangeException: Index was outside the bounds of the array.,SimpleController.FixedUpdate () (at <a8210e2c524f4006b7abbb82895ebd2e>:0).  
12.7,Exception,IndexOutOfRangeException: Index was outside the bounds of the array.,SimpleController.FixedUpdate () (at <a8210e2c524f4006b7abbb82895ebd2e>:0).  
12.72,Exception,IndexOutOfRangeException: Index was outside the bounds of the array.,SimpleController.FixedUpdate () (at <a8210e2c524f4006b7abbb82895ebd2e>:0).  
12.74,Exception,IndexOutOfRangeException: Index was outside the bounds of the array.,SimpleController.FixedUpdate () (at <a8210e2c524f4006b7abbb82895ebd2e>:0).  
12.76,Exception,IndexOutOfRangeException: Index was outside the bounds of the array.,SimpleController.FixedUpdate () (at <a8210e2c524f4006b7abbb82895ebd2e>:0).  
12.78,Exception,IndexOutOfRangeException: Index was outside the bounds of the array.,SimpleController.FixedUpdate () (at <a8210e2c524f4006b7abbb82895ebd2e>:0).  
12.8,Exception,IndexOutOfRangeException: Index was outside the bounds of the array.,SimpleController.FixedUpdate () (at <a8210e2c524f4006b7abbb82895ebd2e>:0).  
12.82,Exception,IndexOutOfRangeException: Index was outside the bounds of the array.,SimpleController.FixedUpdate () (at <a8210e2c524f4006b7abbb82895ebd2e>:0).  
12.84,Exception,IndexOutOfRangeException: Index was outside the bounds of the array.,SimpleController.FixedUpdate () (at <a8210e2c524f4006b7abbb82895ebd2e>:0).  
12.86,Exception,IndexOutOfRangeException: Index was outside the bounds of the array.,SimpleController.FixedUpdate () (at <a8210e2c524f4006b7abbb82895ebd2e>:0).  
12.88,Exception,IndexOutOfRangeException: Index was outside the bounds of the array.,SimpleController.FixedUpdate () (at <a8210e2c524f4006b7abbb82895ebd2e>:0).  
12.9,Exception,IndexOutOfRangeException: Index was outside the bounds of the array.,SimpleController.FixedUpdate () (at <a8210e2c524f4006b7abbb82895ebd2e>:0).  
12.92,Exception,IndexOutOfRangeException: Index was outside the bounds of the array.,SimpleController.FixedUpdate () (at <a8210e2c524f4006b7abbb82895ebd2e>:0).  
12.94,Exception,IndexOutOfRangeException: Index was outside the bounds of the array.,SimpleController.FixedUpdate () (at <a8210e2c524f4006b7abbb82895ebd2e>:0).  
12.96,Exception,IndexOutOfRangeException: Index was outside the bounds of the array.,SimpleController.FixedUpdate () (at <a8210e2c524f4006b7abbb82895ebd2e>:0).  
12.98,Exception,IndexOutOfRangeException: Index was outside the bounds of the array.,SimpleController.FixedUpdate () (at <a8210e2c524f4006b7abbb82895ebd2e>:0).  
13,Exception,IndexOutOfRangeException: Index was outside the bounds of the array.,SimpleController.FixedUpdate () (at <a8210e2c524f4006b7abbb82895ebd2e>:0).  
13.02,Exception,IndexOutOfRangeException: Index was outside the bounds of the array.,SimpleController.FixedUpdate () (at <a8210e2c524f4006b7abbb82895ebd2e>:0).  
13.04,Exception,IndexOutOfRangeException: Index was outside the bounds of the array.,SimpleController.FixedUpdate () (at <a8210e2c524f4006b7abbb82895ebd2e>:0).  
13.06,Exception,IndexOutOfRangeException: Index was outside the bounds of the array.,SimpleController.FixedUpdate () (at <a8210e2c524f4006b7abbb82895ebd2e>:0).  
13.08,Exception,IndexOutOfRangeException: Index was outside the bounds of the array.,SimpleController.FixedUpdate () (at <a8210e2c524f4006b7abbb82895ebd2e>:0).  
13.1,Exception,IndexOutOfRangeException: Index was outside the bounds of the array.,SimpleController.FixedUpdate () (at <a8210e2c524f4006b7abbb82895ebd2e>:0).  
13.12,Exception,IndexOutOfRangeException: Index was outside the bounds of the array.,SimpleController.FixedUpdate () (at <a8210e2c524f4006b7abbb82895ebd2e>:0).  
13.14,Exception,IndexOutOfRangeException: Index was outside the bounds of the array.,SimpleController.FixedUpdate () (at <a8210e2c524f4006b7abbb82895ebd2e>:0).  
13.16,Exception,IndexOutOfRangeException: Index was outside the bounds of the array.,SimpleController.FixedUpdate () (at <a8210e2c524f4006b7abbb82895ebd2e>:0).  
13.18,Exception,IndexOutOfRangeException: Index was outside the bounds of the array.,SimpleController.FixedUpdate () (at <a8210e2c524f4006b7abbb82895ebd2e>:0).  
13.2,Exception,IndexOutOfRangeException: Index was outside the bounds of the array.,SimpleController.FixedUpdate () (at <a8210e2c524f4006b7abbb82895ebd2e>:0).  
13.22,Exception,IndexOutOfRangeException: Index was outside the bounds of the array.,SimpleController.FixedUpdate () (at <a8210e2c524f4006b7abbb82895ebd2e>:0).  
13.24,Exception,IndexOutOfRangeException: Index was outside the bounds of the array.,SimpleController.FixedUpdate () (at <a8210e2c524f4006b7abbb82895ebd2e>:0).  
13.26,Exception,IndexOutOfRangeException: Index was outside the bounds of the array.,SimpleController.FixedUpdate () (at <a8210e2c524f4006b7abbb82895ebd2e>:0).  
13.28,Exception,IndexOutOfRangeException: Index was outside the bounds of the array.,SimpleController.FixedUpdate () (at <a8210e2c524f4006b7abbb82895ebd2e>:0).  
13.3,Exception,IndexOutOfRangeException: Index was outside the bounds of the array.,SimpleController.FixedUpdate () (at <a8210e2c524f4006b7abbb82895ebd2e>:0).  
13.32,Exception,IndexOutOfRangeException: Index was outside the bounds of the array.,SimpleController.FixedUpdate () (at <a8210e2c524f4006b7abbb82895ebd2e>:0).  
13.34,Exception,IndexOutOfRangeException: Index was outside the bounds of the array.,SimpleController.FixedUpdate () (at <a8210e2c524f4006b7abbb82895ebd2e>:0).  
13.36,Exception,IndexOutOfRangeException: Index was outside the bounds of the array.,SimpleController.FixedUpdate () (at <a8210e2c524f4006b7abbb82895ebd2e>:0).  
13.38,Exception,IndexOutOfRangeException: Index was outside the bounds of the array.,SimpleController.FixedUpdate () (at <a8210e2c524f4006b7abbb82895ebd2e>:0).  
13.4,Exception,IndexOutOfRangeException: Index was outside the bounds of the array.,SimpleController.FixedUpdate () (at <a8210e2c524f4006b7abbb82895ebd2e>:0).  
13.42,Exception,IndexOutOfRangeException: Index was outside the bounds of the array.,SimpleController.FixedUpdate () (at <a8210e2c524f4006b7abbb82895ebd2e>:0).  
13.44,Exception,IndexOutOfRangeException: Index was outside the bounds of the array.,SimpleController.FixedUpdate () (at <a8210e2c524f4006b7abbb82895ebd2e>:0).  
13.46,Exception,IndexOutOfRangeException: Index was outside the bounds of the array.,SimpleController.FixedUpdate () (at <a8210e2c524f4006b7abbb82895ebd2e>:0).  
13.48,Exception,IndexOutOfRangeException: Index was outside the bounds of the array.,SimpleController.FixedUpdate () (at <a8210e2c524f4006b7abbb82895ebd2e>:0).  
13.5,Exception,IndexOutOfRangeException: Index was outside the bounds of the array.,SimpleController.FixedUpdate () (at <a8210e2c524f4006b7abbb82895ebd2e>:0).  
13.52,Exception,IndexOutOfRangeException: Index was outside the bounds of the array.,SimpleController.FixedUpdate () (at <a8210e2c524f4006b7abbb82895ebd2e>:0).  
13.54,Exception,IndexOutOfRangeException: Index was outside the bounds of the array.,SimpleController.FixedUpdate () (at <a8210e2c524f4006b7abbb82895ebd2e>:0).  
13.56,Exception,IndexOutOfRangeException: Index was outside the bounds of the array.,SimpleController.FixedUpdate () (at <a8210e2c524f4006b7abbb82895ebd2e>:0).  
13.58,Exception,IndexOutOfRangeException: Index was outside the bounds of the array.,SimpleController.FixedUpdate () (at <a8210e2c524f4006b7abbb82895ebd2e>:0).  
13.6,Exception,IndexOutOfRangeException: Index was outside the bounds of the array.,SimpleController.FixedUpdate () (at <a8210e2c524f4006b7abbb82895ebd2e>:0).  
13.62,Exception,IndexOutOfRangeException: Index was outside the bounds of the array.,SimpleController.FixedUpdate () (at <a8210e2c524f4006b7abbb82895ebd2e>:0).  
13.64,Exception,IndexOutOfRangeException: Index was outside the bounds of the array.,SimpleController.FixedUpdate () (at <a8210e2c524f4006b7abbb82895ebd2e>:0).  
13.66,Exception,IndexOutOfRangeException: Index was outside the bounds of the array.,SimpleController.FixedUpdate () (at <a8210e2c524f4006b7abbb82895ebd2e>:0).  
13.68,Exception,IndexOutOfRangeException: Index was outside the bounds of the array.,SimpleController.FixedUpdate () (at <a8210e2c524f4006b7abbb82895ebd2e>:0).  
13.7,Exception,IndexOutOfRangeException: Index was outside the bounds of the array.,SimpleController.FixedUpdate () (at <a8210e2c524f4006b7abbb82895ebd2e>:0).  
13.72,Exception,IndexOutOfRangeException: Index was outside the bounds of the array.,SimpleController.FixedUpdate () (at <a8210e2c524f4006b7abbb82895ebd2e>:0).  
13.74,Exception,IndexOutOfRangeException: Index was outside the bounds of the array.,SimpleController.FixedUpdate () (at <a8210e2c524f4006b7abbb82895ebd2e>:0).  
13.76,Exception,IndexOutOfRangeException: Index was outside the bounds of the array.,SimpleController.FixedUpdate () (at <a8210e2c524f4006b7abbb82895ebd2e>:0).  
13.78,Exception,IndexOutOfRangeException: Index was outside the bounds of the array.,SimpleController.FixedUpdate () (at <a8210e2c524f4006b7abbb82895ebd2e>:0).  
13.8,Exception,IndexOutOfRangeException: Index was outside the bounds of the array.,SimpleController.FixedUpdate () (at <a8210e2c524f4006b7abbb82895ebd2e>:0).  
13.82,Exception,IndexOutOfRangeException: Index was outside the bounds of the array.,SimpleController.FixedUpdate () (at <a8210e2c524f4006b7abbb82895ebd2e>:0).  
13.84,Exception,IndexOutOfRangeException: Index was outside the bounds of the array.,SimpleController.FixedUpdate () (at <a8210e2c524f4006b7abbb82895ebd2e>:0).  
13.86,Exception,IndexOutOfRangeException: Index was outside the bounds of the array.,SimpleController.FixedUpdate () (at <a8210e2c524f4006b7abbb82895ebd2e>:0).  
13.88,Exception,IndexOutOfRangeException: Index was outside the bounds of the array.,SimpleController.FixedUpdate () (at <a8210e2c524f4006b7abbb82895ebd2e>:0).  
13.9,Exception,IndexOutOfRangeException: Index was outside the bounds of the array.,SimpleController.FixedUpdate () (at <a8210e2c524f4006b7abbb82895ebd2e>:0).  
13.92,Exception,IndexOutOfRangeException: Index was outside the bounds of the array.,SimpleController.FixedUpdate () (at <a8210e2c524f4006b7abbb82895ebd2e>:0).  
13.94,Exception,IndexOutOfRangeException: Index was outside the bounds of the array.,SimpleController.FixedUpdate () (at <a8210e2c524f4006b7abbb82895ebd2e>:0).  
13.96,Exception,IndexOutOfRangeException: Index was outside the bounds of the array.,SimpleController.FixedUpdate () (at <a8210e2c524f4006b7abbb82895ebd2e>:0).  
13.98,Exception,IndexOutOfRangeException: Index was outside the bounds of the array.,SimpleController.FixedUpdate () (at <a8210e2c524f4006b7abbb82895ebd2e>:0).  
14,Exception,IndexOutOfRangeException: Index was outside the bounds of the array.,SimpleController.FixedUpdate () (at <a8210e2c524f4006b7abbb82895ebd2e>:0).  
14.02,Exception,IndexOutOfRangeException: Index was outside the bounds of the array.,SimpleController.FixedUpdate () (at <a8210e2c524f4006b7abbb82895ebd2e>:0).  
14.04,Exception,IndexOutOfRangeException: Index was outside the bounds of the array.,SimpleController.FixedUpdate () (at <a8210e2c524f4006b7abbb82895ebd2e>:0).  
14.06,Exception,IndexOutOfRangeException: Index was outside the bounds of the array.,SimpleController.FixedUpdate () (at <a8210e2c524f4006b7abbb82895ebd2e>:0).  
14.08,Exception,IndexOutOfRangeException: Index was outside the bounds of the array.,SimpleController.FixedUpdate () (at <a8210e2c524f4006b7abbb82895ebd2e>:0).  
14.1,Exception,IndexOutOfRangeException: Index was outside the bounds of the array.,SimpleController.FixedUpdate () (at <a8210e2c524f4006b7abbb82895ebd2e>:0).  
14.12,Exception,IndexOutOfRangeException: Index was outside the bounds of the array.,SimpleController.FixedUpdate () (at <a8210e2c524f4006b7abbb82895ebd2e>:0).  
14.14,Exception,IndexOutOfRangeException: Index was outside the bounds of the array.,SimpleController.FixedUpdate () (at <a8210e2c524f4006b7abbb82895ebd2e>:0).  
14.16,Exception,IndexOutOfRangeException: Index was outside the bounds of the array.,SimpleController.FixedUpdate () (at <a8210e2c524f4006b7abbb82895ebd2e>:0).  
14.18,Exception,IndexOutOfRangeException: Index was outside the bounds of the array.,SimpleController.FixedUpdate () (at <a8210e2c524f4006b7abbb82895ebd2e>:0).  
14.2,Exception,IndexOutOfRangeException: Index was outside the bounds of the array.,SimpleController.FixedUpdate () (at <a8210e2c524f4006b7abbb82895ebd2e>:0).  
14.22,Exception,IndexOutOfRangeException: Index was outside the bounds of the array.,SimpleController.FixedUpdate () (at <a8210e2c524f4006b7abbb82895ebd2e>:0).  
14.24,Exception,IndexOutOfRangeException: Index was outside the bounds of the array.,SimpleController.FixedUpdate () (at <a8210e2c524f4006b7abbb82895ebd2e>:0).  
14.26,Exception,IndexOutOfRangeException: Index was outside the bounds of the array.,SimpleController.FixedUpdate () (at <a8210e2c524f4006b7abbb82895ebd2e>:0).  
14.28,Exception,IndexOutOfRangeException: Index was outside the bounds of the array.,SimpleController.FixedUpdate () (at <a8210e2c524f4006b7abbb82895ebd2e>:0).  
14.3,Exception,IndexOutOfRangeException: Index was outside the bounds of the array.,SimpleController.FixedUpdate () (at <a8210e2c524f4006b7abbb82895ebd2e>:0).  
14.32,Exception,IndexOutOfRangeException: Index was outside the bounds of the array.,SimpleController.FixedUpdate () (at <a8210e2c524f4006b7abbb82895ebd2e>:0).  
14.34,Exception,IndexOutOfRangeException: Index was outside the bounds of the array.,SimpleController.FixedUpdate () (at <a8210e2c524f4006b7abbb82895ebd2e>:0).  
14.36,Exception,IndexOutOfRangeException: Index was outside the bounds of the array.,SimpleController.FixedUpdate () (at <a8210e2c524f4006b7abbb82895ebd2e>:0).  
14.38,Exception,IndexOutOfRangeException: Index was outside the bounds of the array.,SimpleController.FixedUpdate () (at <a8210e2c524f4006b7abbb82895ebd2e>:0).  
14.4,Exception,IndexOutOfRangeException: Index was outside the bounds of the array.,SimpleController.FixedUpdate () (at <a8210e2c524f4006b7abbb82895ebd2e>:0).  
14.42,Exception,IndexOutOfRangeException: Index was outside the bounds of the array.,SimpleController.FixedUpdate () (at <a8210e2c524f4006b7abbb82895ebd2e>:0).  
14.44,Exception,IndexOutOfRangeException: Index was outside the bounds of the array.,SimpleController.FixedUpdate () (at <a8210e2c524f4006b7abbb82895ebd2e>:0).  
14.46,Exception,IndexOutOfRangeException: Index was outside the bounds of the array.,SimpleController.FixedUpdate () (at <a8210e2c524f4006b7abbb82895ebd2e>:0).  
14.48,Exception,IndexOutOfRangeException: Index was outside the bounds of the array.,SimpleController.FixedUpdate () (at <a8210e2c524f4006b7abbb82895ebd2e>:0).  
14.5,Exception,IndexOutOfRangeException: Index was outside the bounds of the array.,SimpleController.FixedUpdate () (at <a8210e2c524f4006b7abbb82895ebd2e>:0).  
14.52,Exception,IndexOutOfRangeException: Index was outside the bounds of the array.,SimpleController.FixedUpdate () (at <a8210e2c524f4006b7abbb82895ebd2e>:0).  
14.54,Exception,IndexOutOfRangeException: Index was outside the bounds of the array.,SimpleController.FixedUpdate () (at <a8210e2c524f4006b7abbb82895ebd2e>:0).  
14.56,Exception,IndexOutOfRangeException: Index was outside the bounds of the array.,SimpleController.FixedUpdate () (at <a8210e2c524f4006b7abbb82895ebd2e>:0).  
14.58,Exception,IndexOutOfRangeException: Index was outside the bounds of the array.,SimpleController.FixedUpdate () (at <a8210e2c524f4006b7abbb82895ebd2e>:0).  
14.6,Exception,IndexOutOfRangeException: Index was outside the bounds of the array.,SimpleController.FixedUpdate () (at <a8210e2c524f4006b7abbb82895ebd2e>:0).  
14.62,Exception,IndexOutOfRangeException: Index was outside the bounds of the array.,SimpleController.FixedUpdate () (at <a8210e2c524f4006b7abbb82895ebd2e>:0).  
14.64,Exception,IndexOutOfRangeException: Index was outside the bounds of the array.,SimpleController.FixedUpdate () (at <a8210e2c524f4006b7abbb82895ebd2e>:0).  
14.66,Exception,IndexOutOfRangeException: Index was outside the bounds of the array.,SimpleController.FixedUpdate () (at <a8210e2c524f4006b7abbb82895ebd2e>:0).  
14.68,Exception,IndexOutOfRangeException: Index was outside the bounds of the array.,SimpleController.FixedUpdate () (at <a8210e2c524f4006b7abbb82895ebd2e>:0).  
14.7,Exception,IndexOutOfRangeException: Index was outside the bounds of the array.,SimpleController.FixedUpdate () (at <a8210e2c524f4006b7abbb82895ebd2e>:0).  
14.72,Exception,IndexOutOfRangeException: Index was outside the bounds of the array.,SimpleController.FixedUpdate () (at <a8210e2c524f4006b7abbb82895ebd2e>:0).  
14.74,Exception,IndexOutOfRangeException: Index was outside the bounds of the array.,SimpleController.FixedUpdate () (at <a8210e2c524f4006b7abbb82895ebd2e>:0).  
14.76,Exception,IndexOutOfRangeException: Index was outside the bounds of the array.,SimpleController.FixedUpdate () (at <a8210e2c524f4006b7abbb82895ebd2e>:0).  
14.78,Exception,IndexOutOfRangeException: Index was outside the bounds of the array.,SimpleController.FixedUpdate () (at <a8210e2c524f4006b7abbb82895ebd2e>:0).  
14.8,Exception,IndexOutOfRangeException: Index was outside the bounds of the array.,SimpleController.FixedUpdate () (at <a8210e2c524f4006b7abbb82895ebd2e>:0).  
14.82,Exception,IndexOutOfRangeException: Index was outside the bounds of the array.,SimpleController.FixedUpdate () (at <a8210e2c524f4006b7abbb82895ebd2e>:0).  
14.84,Exception,IndexOutOfRangeException: Index was outside the bounds of the array.,SimpleController.FixedUpdate () (at <a8210e2c524f4006b7abbb82895ebd2e>:0).  
14.86,Exception,IndexOutOfRangeException: Index was outside the bounds of the array.,SimpleController.FixedUpdate () (at <a8210e2c524f4006b7abbb82895ebd2e>:0).  
14.88,Exception,IndexOutOfRangeException: Index was outside the bounds of the array.,SimpleController.FixedUpdate () (at <a8210e2c524f4006b7abbb82895ebd2e>:0).  
14.9,Exception,IndexOutOfRangeException: Index was outside the bounds of the array.,SimpleController.FixedUpdate () (at <a8210e2c524f4006b7abbb82895ebd2e>:0).  
14.92,Exception,IndexOutOfRangeException: Index was outside the bounds of the array.,SimpleController.FixedUpdate () (at <a8210e2c524f4006b7abbb82895ebd2e>:0).  
14.94,Exception,IndexOutOfRangeException: Index was outside the bounds of the array.,SimpleController.FixedUpdate () (at <a8210e2c524f4006b7abbb82895ebd2e>:0).  
14.96,Exception,IndexOutOfRangeException: Index was outside the bounds of the array.,SimpleController.FixedUpdate () (at <a8210e2c524f4006b7abbb82895ebd2e>:0).  
14.98,Exception,IndexOutOfRangeException: Index was outside the bounds of the array.,SimpleController.FixedUpdate () (at <a8210e2c524f4006b7abbb82895ebd2e>:0).  
15,Exception,IndexOutOfRangeException: Index was outside the bounds of the array.,SimpleController.FixedUpdate () (at <a8210e2c524f4006b7abbb82895ebd2e>:0).  
15.02,Exception,IndexOutOfRangeException: Index was outside the bounds of the array.,SimpleController.FixedUpdate () (at <a8210e2c524f4006b7abbb82895ebd2e>:0).  
15.04,Exception,IndexOutOfRangeException: Index was outside the bounds of the array.,SimpleController.FixedUpdate () (at <a8210e2c524f4006b7abbb82895ebd2e>:0).  
15.06,Exception,IndexOutOfRangeException: Index was outside the bounds of the array.,SimpleController.FixedUpdate () (at <a8210e2c524f4006b7abbb82895ebd2e>:0).  
15.08,Exception,IndexOutOfRangeException: Index was outside the bounds of the array.,SimpleController.FixedUpdate () (at <a8210e2c524f4006b7abbb82895ebd2e>:0).  
15.1,Exception,IndexOutOfRangeException: Index was outside the bounds of the array.,SimpleController.FixedUpdate () (at <a8210e2c524f4006b7abbb82895ebd2e>:0).  
15.12,Exception,IndexOutOfRangeException: Index was outside the bounds of the array.,SimpleController.FixedUpdate () (at <a8210e2c524f4006b7abbb82895ebd2e>:0).  
15.14,Exception,IndexOutOfRangeException: Index was outside the bounds of the array.,SimpleController.FixedUpdate () (at <a8210e2c524f4006b7abbb82895ebd2e>:0).  
15.16,Exception,IndexOutOfRangeException: Index was outside the bounds of the array.,SimpleController.FixedUpdate () (at <a8210e2c524f4006b7abbb82895ebd2e>:0).  
15.18,Exception,IndexOutOfRangeException: Index was outside the bounds of the array.,SimpleController.FixedUpdate () (at <a8210e2c524f4006b7abbb82895ebd2e>:0).  
15.2,Exception,IndexOutOfRangeException: Index was outside the bounds of the array.,SimpleController.FixedUpdate () (at <a8210e2c524f4006b7abbb82895ebd2e>:0).  
15.22,Exception,IndexOutOfRangeException: Index was outside the bounds of the array.,SimpleController.FixedUpdate () (at <a8210e2c524f4006b7abbb82895ebd2e>:0).  
15.24,Exception,IndexOutOfRangeException: Index was outside the bounds of the array.,SimpleController.FixedUpdate () (at <a8210e2c524f4006b7abbb82895ebd2e>:0).  
15.26,Exception,IndexOutOfRangeException: Index was outside the bounds of the array.,SimpleController.FixedUpdate () (at <a8210e2c524f4006b7abbb82895ebd2e>:0).  
15.28,Exception,IndexOutOfRangeException: Index was outside the bounds of the array.,SimpleController.FixedUpdate () (at <a8210e2c524f4006b7abbb82895ebd2e>:0).  
15.3,Exception,IndexOutOfRangeException: Index was outside the bounds of the array.,SimpleController.FixedUpdate () (at <a8210e2c524f4006b7abbb82895ebd2e>:0).  
15.32,Exception,IndexOutOfRangeException: Index was outside the bounds of the array.,SimpleController.FixedUpdate () (at <a8210e2c524f4006b7abbb82895ebd2e>:0).  
15.34,Exception,IndexOutOfRangeException: Index was outside the bounds of the array.,SimpleController.FixedUpdate () (at <a8210e2c524f4006b7abbb82895ebd2e>:0).  
15.36,Exception,IndexOutOfRangeException: Index was outside the bounds of the array.,SimpleController.FixedUpdate () (at <a8210e2c524f4006b7abbb82895ebd2e>:0).  
15.38,Exception,IndexOutOfRangeException: Index was outside the bounds of the array.,SimpleController.FixedUpdate () (at <a8210e2c524f4006b7abbb82895ebd2e>:0).  
15.4,Exception,IndexOutOfRangeException: Index was outside the bounds of the array.,SimpleController.FixedUpdate () (at <a8210e2c524f4006b7abbb82895ebd2e>:0).  
15.42,Exception,IndexOutOfRangeException: Index was outside the bounds of the array.,SimpleController.FixedUpdate () (at <a8210e2c524f4006b7abbb82895ebd2e>:0).  
15.44,Exception,IndexOutOfRangeException: Index was outside the bounds of the array.,SimpleController.FixedUpdate () (at <a8210e2c524f4006b7abbb82895ebd2e>:0).  
15.46,Exception,IndexOutOfRangeException: Index was outside the bounds of the array.,SimpleController.FixedUpdate () (at <a8210e2c524f4006b7abbb82895ebd2e>:0).  
15.48,Exception,IndexOutOfRangeException: Index was outside the bounds of the array.,SimpleController.FixedUpdate () (at <a8210e2c524f4006b7abbb82895ebd2e>:0).  
15.5,Exception,IndexOutOfRangeException: Index was outside the bounds of the array.,SimpleController.FixedUpdate () (at <a8210e2c524f4006b7abbb82895ebd2e>:0).  
15.52,Exception,IndexOutOfRangeException: Index was outside the bounds of the array.,SimpleController.FixedUpdate () (at <a8210e2c524f4006b7abbb82895ebd2e>:0).  
15.54,Exception,IndexOutOfRangeException: Index was outside the bounds of the array.,SimpleController.FixedUpdate () (at <a8210e2c524f4006b7abbb82895ebd2e>:0).  
15.56,Exception,IndexOutOfRangeException: Index was outside the bounds of the array.,SimpleController.FixedUpdate () (at <a8210e2c524f4006b7abbb82895ebd2e>:0).  
15.58,Exception,IndexOutOfRangeException: Index was outside the bounds of the array.,SimpleController.FixedUpdate () (at <a8210e2c524f4006b7abbb82895ebd2e>:0).  
15.6,Exception,IndexOutOfRangeException: Index was outside the bounds of the array.,SimpleController.FixedUpdate () (at <a8210e2c524f4006b7abbb82895ebd2e>:0).  
15.62,Exception,IndexOutOfRangeException: Index was outside the bounds of the array.,SimpleController.FixedUpdate () (at <a8210e2c524f4006b7abbb82895ebd2e>:0).  
15.64,Exception,IndexOutOfRangeException: Index was outside the bounds of the array.,SimpleController.FixedUpdate () (at <a8210e2c524f4006b7abbb82895ebd2e>:0).  
15.66,Exception,IndexOutOfRangeException: Index was outside the bounds of the array.,SimpleController.FixedUpdate () (at <a8210e2c524f4006b7abbb82895ebd2e>:0).  
15.68,Exception,IndexOutOfRangeException: Index was outside the bounds of the array.,SimpleController.FixedUpdate () (at <a8210e2c524f4006b7abbb82895ebd2e>:0).  
15.7,Exception,IndexOutOfRangeException: Index was outside the bounds of the array.,SimpleController.FixedUpdate () (at <a8210e2c524f4006b7abbb82895ebd2e>:0).  
15.72,Exception,IndexOutOfRangeException: Index was outside the bounds of the array.,SimpleController.FixedUpdate () (at <a8210e2c524f4006b7abbb82895ebd2e>:0).  
15.74,Exception,IndexOutOfRangeException: Index was outside the bounds of the array.,SimpleController.FixedUpdate () (at <a8210e2c524f4006b7abbb82895ebd2e>:0).  
15.76,Exception,IndexOutOfRangeException: Index was outside the bounds of the array.,SimpleController.FixedUpdate () (at <a8210e2c524f4006b7abbb82895ebd2e>:0).  
15.78,Exception,IndexOutOfRangeException: Index was outside the bounds of the array.,SimpleController.FixedUpdate () (at <a8210e2c524f4006b7abbb82895ebd2e>:0).  
15.8,Exception,IndexOutOfRangeException: Index was outside the bounds of the array.,SimpleController.FixedUpdate () (at <a8210e2c524f4006b7abbb82895ebd2e>:0).  
15.82,Exception,IndexOutOfRangeException: Index was outside the bounds of the array.,SimpleController.FixedUpdate () (at <a8210e2c524f4006b7abbb82895ebd2e>:0).  
15.84,Exception,IndexOutOfRangeException: Index was outside the bounds of the array.,SimpleController.FixedUpdate () (at <a8210e2c524f4006b7abbb82895ebd2e>:0).  
15.86,Exception,IndexOutOfRangeException: Index was outside the bounds of the array.,SimpleController.FixedUpdate () (at <a8210e2c524f4006b7abbb82895ebd2e>:0).  
15.88,Exception,IndexOutOfRangeException: Index was outside the bounds of the array.,SimpleController.FixedUpdate () (at <a8210e2c524f4006b7abbb82895ebd2e>:0).  
15.9,Exception,IndexOutOfRangeException: Index was outside the bounds of the array.,SimpleController.FixedUpdate () (at <a8210e2c524f4006b7abbb82895ebd2e>:0).  
15.92,Exception,IndexOutOfRangeException: Index was outside the bounds of the array.,SimpleController.FixedUpdate () (at <a8210e2c524f4006b7abbb82895ebd2e>:0).  
15.94,Exception,IndexOutOfRangeException: Index was outside the bounds of the array.,SimpleController.FixedUpdate () (at <a8210e2c524f4006b7abbb82895ebd2e>:0).  
15.96,Exception,IndexOutOfRangeException: Index was outside the bounds of the array.,SimpleController.FixedUpdate () (at <a8210e2c524f4006b7abbb82895ebd2e>:0).  
15.98,Exception,IndexOutOfRangeException: Index was outside the bounds of the array.,SimpleController.FixedUpdate () (at <a8210e2c524f4006b7abbb82895ebd2e>:0).  
16,Exception,IndexOutOfRangeException: Index was outside the bounds of the array.,SimpleController.FixedUpdate () (at <a8210e2c524f4006b7abbb82895ebd2e>:0).  
16.02,Exception,IndexOutOfRangeException: Index was outside the bounds of the array.,SimpleController.FixedUpdate () (at <a8210e2c524f4006b7abbb82895ebd2e>:0).  
16.04,Exception,IndexOutOfRangeException: Index was outside the bounds of the array.,SimpleController.FixedUpdate () (at <a8210e2c524f4006b7abbb82895ebd2e>:0).  
16.06,Exception,IndexOutOfRangeException: Index was outside the bounds of the array.,SimpleController.FixedUpdate () (at <a8210e2c524f4006b7abbb82895ebd2e>:0).  
16.08,Exception,IndexOutOfRangeException: Index was outside the bounds of the array.,SimpleController.FixedUpdate () (at <a8210e2c524f4006b7abbb82895ebd2e>:0).  
16.1,Exception,IndexOutOfRangeException: Index was outside the bounds of the array.,SimpleController.FixedUpdate () (at <a8210e2c524f4006b7abbb82895ebd2e>:0).  
16.12,Exception,IndexOutOfRangeException: Index was outside the bounds of the array.,SimpleController.FixedUpdate () (at <a8210e2c524f4006b7abbb82895ebd2e>:0).  
16.14,Exception,IndexOutOfRangeException: Index was outside the bounds of the array.,SimpleController.FixedUpdate () (at <a8210e2c524f4006b7abbb82895ebd2e>:0).  
16.16,Exception,IndexOutOfRangeException: Index was outside the bounds of the array.,SimpleController.FixedUpdate () (at <a8210e2c524f4006b7abbb82895ebd2e>:0).  
16.18,Exception,IndexOutOfRangeException: Index was outside the bounds of the array.,SimpleController.FixedUpdate () (at <a8210e2c524f4006b7abbb82895ebd2e>:0).  
16.2,Exception,IndexOutOfRangeException: Index was outside the bounds of the array.,SimpleController.FixedUpdate () (at <a8210e2c524f4006b7abbb82895ebd2e>:0).  
16.22,Exception,IndexOutOfRangeException: Index was outside the bounds of the array.,SimpleController.FixedUpdate () (at <a8210e2c524f4006b7abbb82895ebd2e>:0).  
16.24,Exception,IndexOutOfRangeException: Index was outside the bounds of the array.,SimpleController.FixedUpdate () (at <a8210e2c524f4006b7abbb82895ebd2e>:0).  
16.26,Exception,IndexOutOfRangeException: Index was outside the bounds of the array.,SimpleController.FixedUpdate () (at <a8210e2c524f4006b7abbb82895ebd2e>:0).  
16.28,Exception,IndexOutOfRangeException: Index was outside the bounds of the array.,SimpleController.FixedUpdate () (at <a8210e2c524f4006b7abbb82895ebd2e>:0).  
16.3,Exception,IndexOutOfRangeException: Index was outside the bounds of the array.,SimpleController.FixedUpdate () (at <a8210e2c524f4006b7abbb82895ebd2e>:0).  
16.32,Exception,IndexOutOfRangeException: Index was outside the bounds of the array.,SimpleController.FixedUpdate () (at <a8210e2c524f4006b7abbb82895ebd2e>:0).  
16.34,Exception,IndexOutOfRangeException: Index was outside the bounds of the array.,SimpleController.FixedUpdate () (at <a8210e2c524f4006b7abbb82895ebd2e>:0).  
16.36,Exception,IndexOutOfRangeException: Index was outside the bounds of the array.,SimpleController.FixedUpdate () (at <a8210e2c524f4006b7abbb82895ebd2e>:0).  
16.38,Exception,IndexOutOfRangeException: Index was outside the bounds of the array.,SimpleController.FixedUpdate () (at <a8210e2c524f4006b7abbb82895ebd2e>:0).  
16.4,Exception,IndexOutOfRangeException: Index was outside the bounds of the array.,SimpleController.FixedUpdate () (at <a8210e2c524f4006b7abbb82895ebd2e>:0).  
16.42,Exception,IndexOutOfRangeException: Index was outside the bounds of the array.,SimpleController.FixedUpdate () (at <a8210e2c524f4006b7abbb82895ebd2e>:0).  
16.44,Exception,IndexOutOfRangeException: Index was outside the bounds of the array.,SimpleController.FixedUpdate () (at <a8210e2c524f4006b7abbb82895ebd2e>:0).  
16.46,Exception,IndexOutOfRangeException: Index was outside the bounds of the array.,SimpleController.FixedUpdate () (at <a8210e2c524f4006b7abbb82895ebd2e>:0).  
16.48,Exception,IndexOutOfRangeException: Index was outside the bounds of the array.,SimpleController.FixedUpdate () (at <a8210e2c524f4006b7abbb82895ebd2e>:0).  
16.5,Exception,IndexOutOfRangeException: Index was outside the bounds of the array.,SimpleController.FixedUpdate () (at <a8210e2c524f4006b7abbb82895ebd2e>:0).  
16.52,Exception,IndexOutOfRangeException: Index was outside the bounds of the array.,SimpleController.FixedUpdate () (at <a8210e2c524f4006b7abbb82895ebd2e>:0).  
16.54,Exception,IndexOutOfRangeException: Index was outside the bounds of the array.,SimpleController.FixedUpdate () (at <a8210e2c524f4006b7abbb82895ebd2e>:0).  
16.56,Exception,IndexOutOfRangeException: Index was outside the bounds of the array.,SimpleController.FixedUpdate () (at <a8210e2c524f4006b7abbb82895ebd2e>:0).  
16.58,Exception,IndexOutOfRangeException: Index was outside the bounds of the array.,SimpleController.FixedUpdate () (at <a8210e2c524f4006b7abbb82895ebd2e>:0).  
16.6,Exception,IndexOutOfRangeException: Index was outside the bounds of the array.,SimpleController.FixedUpdate () (at <a8210e2c524f4006b7abbb82895ebd2e>:0).  
16.62,Exception,IndexOutOfRangeException: Index was outside the bounds of the array.,SimpleController.FixedUpdate () (at <a8210e2c524f4006b7abbb82895ebd2e>:0).  
16.64,Exception,IndexOutOfRangeException: Index was outside the bounds of the array.,SimpleController.FixedUpdate () (at <a8210e2c524f4006b7abbb82895ebd2e>:0).  
16.66,Exception,IndexOutOfRangeException: Index was outside the bounds of the array.,SimpleController.FixedUpdate () (at <a8210e2c524f4006b7abbb82895ebd2e>:0).  
16.68,Exception,IndexOutOfRangeException: Index was outside the bounds of the array.,SimpleController.FixedUpdate () (at <a8210e2c524f4006b7abbb82895ebd2e>:0).  
16.7,Exception,IndexOutOfRangeException: Index was outside the bounds of the array.,SimpleController.FixedUpdate () (at <a8210e2c524f4006b7abbb82895ebd2e>:0).  
16.72,Exception,IndexOutOfRangeException: Index was outside the bounds of the array.,SimpleController.FixedUpdate () (at <a8210e2c524f4006b7abbb82895ebd2e>:0).  
16.74,Exception,IndexOutOfRangeException: Index was outside the bounds of the array.,SimpleController.FixedUpdate () (at <a8210e2c524f4006b7abbb82895ebd2e>:0).  
16.76,Exception,IndexOutOfRangeException: Index was outside the bounds of the array.,SimpleController.FixedUpdate () (at <a8210e2c524f4006b7abbb82895ebd2e>:0).  
16.78,Exception,IndexOutOfRangeException: Index was outside the bounds of the array.,SimpleController.FixedUpdate () (at <a8210e2c524f4006b7abbb82895ebd2e>:0).  
16.8,Exception,IndexOutOfRangeException: Index was outside the bounds of the array.,SimpleController.FixedUpdate () (at <a8210e2c524f4006b7abbb82895ebd2e>:0).  
16.82,Exception,IndexOutOfRangeException: Index was outside the bounds of the array.,SimpleController.FixedUpdate () (at <a8210e2c524f4006b7abbb82895ebd2e>:0).  
16.84,Exception,IndexOutOfRangeException: Index was outside the bounds of the array.,SimpleController.FixedUpdate () (at <a8210e2c524f4006b7abbb82895ebd2e>:0).  
16.86,Exception,IndexOutOfRangeException: Index was outside the bounds of the array.,SimpleController.FixedUpdate () (at <a8210e2c524f4006b7abbb82895ebd2e>:0).  
16.88,Exception,IndexOutOfRangeException: Index was outside the bounds of the array.,SimpleController.FixedUpdate () (at <a8210e2c524f4006b7abbb82895ebd2e>:0).  
16.9,Exception,IndexOutOfRangeException: Index was outside the bounds of the array.,SimpleController.FixedUpdate () (at <a8210e2c524f4006b7abbb82895ebd2e>:0).  
16.92,Exception,IndexOutOfRangeException: Index was outside the bounds of the array.,SimpleController.FixedUpdate () (at <a8210e2c524f4006b7abbb82895ebd2e>:0).  
16.94,Exception,IndexOutOfRangeException: Index was outside the bounds of the array.,SimpleController.FixedUpdate () (at <a8210e2c524f4006b7abbb82895ebd2e>:0).  
16.96,Exception,IndexOutOfRangeException: Index was outside the bounds of the array.,SimpleController.FixedUpdate () (at <a8210e2c524f4006b7abbb82895ebd2e>:0).  
16.98,Exception,IndexOutOfRangeException: Index was outside the bounds of the array.,SimpleController.FixedUpdate () (at <a8210e2c524f4006b7abbb82895ebd2e>:0).  
17,Exception,IndexOutOfRangeException: Index was outside the bounds of the array.,SimpleController.FixedUpdate () (at <a8210e2c524f4006b7abbb82895ebd2e>:0).  
17.02,Exception,IndexOutOfRangeException: Index was outside the bounds of the array.,SimpleController.FixedUpdate () (at <a8210e2c524f4006b7abbb82895ebd2e>:0).  
17.04,Exception,IndexOutOfRangeException: Index was outside the bounds of the array.,SimpleController.FixedUpdate () (at <a8210e2c524f4006b7abbb82895ebd2e>:0).  
17.06,Exception,IndexOutOfRangeException: Index was outside the bounds of the array.,SimpleController.FixedUpdate () (at <a8210e2c524f4006b7abbb82895ebd2e>:0).  
17.08,Exception,IndexOutOfRangeException: Index was outside the bounds of the array.,SimpleController.FixedUpdate () (at <a8210e2c524f4006b7abbb82895ebd2e>:0).  
17.1,Exception,IndexOutOfRangeException: Index was outside the bounds of the array.,SimpleController.FixedUpdate () (at <a8210e2c524f4006b7abbb82895ebd2e>:0).  
17.12,Exception,IndexOutOfRangeException: Index was outside the bounds of the array.,SimpleController.FixedUpdate () (at <a8210e2c524f4006b7abbb82895ebd2e>:0).  
17.14,Exception,IndexOutOfRangeException: Index was outside the bounds of the array.,SimpleController.FixedUpdate () (at <a8210e2c524f4006b7abbb82895ebd2e>:0).  
17.16,Exception,IndexOutOfRangeException: Index was outside the bounds of the array.,SimpleController.FixedUpdate () (at <a8210e2c524f4006b7abbb82895ebd2e>:0).  
17.18,Exception,IndexOutOfRangeException: Index was outside the bounds of the array.,SimpleController.FixedUpdate () (at <a8210e2c524f4006b7abbb82895ebd2e>:0).  
17.2,Exception,IndexOutOfRangeException: Index was outside the bounds of the array.,SimpleController.FixedUpdate () (at <a8210e2c524f4006b7abbb82895ebd2e>:0).  
17.22,Exception,IndexOutOfRangeException: Index was outside the bounds of the array.,SimpleController.FixedUpdate () (at <a8210e2c524f4006b7abbb82895ebd2e>:0).  
17.24,Exception,IndexOutOfRangeException: Index was outside the bounds of the array.,SimpleController.FixedUpdate () (at <a8210e2c524f4006b7abbb82895ebd2e>:0).  
17.26,Exception,IndexOutOfRangeException: Index was outside the bounds of the array.,SimpleController.FixedUpdate () (at <a8210e2c524f4006b7abbb82895ebd2e>:0).  
17.28,Exception,IndexOutOfRangeException: Index was outside the bounds of the array.,SimpleController.FixedUpdate () (at <a8210e2c524f4006b7abbb82895ebd2e>:0).  
17.3,Exception,IndexOutOfRangeException: Index was outside the bounds of the array.,SimpleController.FixedUpdate () (at <a8210e2c524f4006b7abbb82895ebd2e>:0).  
17.32,Exception,IndexOutOfRangeException: Index was outside the bounds of the array.,SimpleController.FixedUpdate () (at <a8210e2c524f4006b7abbb82895ebd2e>:0).  
17.34,Exception,IndexOutOfRangeException: Index was outside the bounds of the array.,SimpleController.FixedUpdate () (at <a8210e2c524f4006b7abbb82895ebd2e>:0).  
17.36,Exception,IndexOutOfRangeException: Index was outside the bounds of the array.,SimpleController.FixedUpdate () (at <a8210e2c524f4006b7abbb82895ebd2e>:0).  
17.38,Exception,IndexOutOfRangeException: Index was outside the bounds of the array.,SimpleController.FixedUpdate () (at <a8210e2c524f4006b7abbb82895ebd2e>:0).  
17.4,Exception,IndexOutOfRangeException: Index was outside the bounds of the array.,SimpleController.FixedUpdate () (at <a8210e2c524f4006b7abbb82895ebd2e>:0).  
17.42,Exception,IndexOutOfRangeException: Index was outside the bounds of the array.,SimpleController.FixedUpdate () (at <a8210e2c524f4006b7abbb82895ebd2e>:0).  
17.44,Exception,IndexOutOfRangeException: Index was outside the bounds of the array.,SimpleController.FixedUpdate () (at <a8210e2c524f4006b7abbb82895ebd2e>:0).  
17.46,Exception,IndexOutOfRangeException: Index was outside the bounds of the array.,SimpleController.FixedUpdate () (at <a8210e2c524f4006b7abbb82895ebd2e>:0).  
17.48,Exception,IndexOutOfRangeException: Index was outside the bounds of the array.,SimpleController.FixedUpdate () (at <a8210e2c524f4006b7abbb82895ebd2e>:0).  
17.5,Exception,IndexOutOfRangeException: Index was outside the bounds of the array.,SimpleController.FixedUpdate () (at <a8210e2c524f4006b7abbb82895ebd2e>:0).  
17.52,Exception,IndexOutOfRangeException: Index was outside the bounds of the array.,SimpleController.FixedUpdate () (at <a8210e2c524f4006b7abbb82895ebd2e>:0).  
17.54,Exception,IndexOutOfRangeException: Index was outside the bounds of the array.,SimpleController.FixedUpdate () (at <a8210e2c524f4006b7abbb82895ebd2e>:0).  
17.56,Exception,IndexOutOfRangeException: Index was outside the bounds of the array.,SimpleController.FixedUpdate () (at <a8210e2c524f4006b7abbb82895ebd2e>:0).  
17.58,Exception,IndexOutOfRangeException: Index was outside the bounds of the array.,SimpleController.FixedUpdate () (at <a8210e2c524f4006b7abbb82895ebd2e>:0).  
17.6,Exception,IndexOutOfRangeException: Index was outside the bounds of the array.,SimpleController.FixedUpdate () (at <a8210e2c524f4006b7abbb82895ebd2e>:0).  
17.62,Exception,IndexOutOfRangeException: Index was outside the bounds of the array.,SimpleController.FixedUpdate () (at <a8210e2c524f4006b7abbb82895ebd2e>:0).  
17.64,Exception,IndexOutOfRangeException: Index was outside the bounds of the array.,SimpleController.FixedUpdate () (at <a8210e2c524f4006b7abbb82895ebd2e>:0).  
17.66,Exception,IndexOutOfRangeException: Index was outside the bounds of the array.,SimpleController.FixedUpdate () (at <a8210e2c524f4006b7abbb82895ebd2e>:0).  
17.68,Exception,IndexOutOfRangeException: Index was outside the bounds of the array.,SimpleController.FixedUpdate () (at <a8210e2c524f4006b7abbb82895ebd2e>:0).  
17.7,Exception,IndexOutOfRangeException: Index was outside the bounds of the array.,SimpleController.FixedUpdate () (at <a8210e2c524f4006b7abbb82895ebd2e>:0).  
17.72,Exception,IndexOutOfRangeException: Index was outside the bounds of the array.,SimpleController.FixedUpdate () (at <a8210e2c524f4006b7abbb82895ebd2e>:0).  
17.74,Exception,IndexOutOfRangeException: Index was outside the bounds of the array.,SimpleController.FixedUpdate () (at <a8210e2c524f4006b7abbb82895ebd2e>:0).  
17.76,Exception,IndexOutOfRangeException: Index was outside the bounds of the array.,SimpleController.FixedUpdate () (at <a8210e2c524f4006b7abbb82895ebd2e>:0).  
17.78,Exception,IndexOutOfRangeException: Index was outside the bounds of the array.,SimpleController.FixedUpdate () (at <a8210e2c524f4006b7abbb82895ebd2e>:0).  
17.8,Exception,IndexOutOfRangeException: Index was outside the bounds of the array.,SimpleController.FixedUpdate () (at <a8210e2c524f4006b7abbb82895ebd2e>:0).  
17.82,Exception,IndexOutOfRangeException: Index was outside the bounds of the array.,SimpleController.FixedUpdate () (at <a8210e2c524f4006b7abbb82895ebd2e>:0).  
17.84,Exception,IndexOutOfRangeException: Index was outside the bounds of the array.,SimpleController.FixedUpdate () (at <a8210e2c524f4006b7abbb82895ebd2e>:0).  
17.86,Exception,IndexOutOfRangeException: Index was outside the bounds of the array.,SimpleController.FixedUpdate () (at <a8210e2c524f4006b7abbb82895ebd2e>:0).  
17.88,Exception,IndexOutOfRangeException: Index was outside the bounds of the array.,SimpleController.FixedUpdate () (at <a8210e2c524f4006b7abbb82895ebd2e>:0).  
17.9,Exception,IndexOutOfRangeException: Index was outside the bounds of the array.,SimpleController.FixedUpdate () (at <a8210e2c524f4006b7abbb82895ebd2e>:0).  
17.92,Exception,IndexOutOfRangeException: Index was outside the bounds of the array.,SimpleController.FixedUpdate () (at <a8210e2c524f4006b7abbb82895ebd2e>:0).  
17.94,Exception,IndexOutOfRangeException: Index was outside the bounds of the array.,SimpleController.FixedUpdate () (at <a8210e2c524f4006b7abbb82895ebd2e>:0).  
17.96,Exception,IndexOutOfRangeException: Index was outside the bounds of the array.,SimpleController.FixedUpdate () (at <a8210e2c524f4006b7abbb82895ebd2e>:0).  
17.98,Exception,IndexOutOfRangeException: Index was outside the bounds of the array.,SimpleController.FixedUpdate () (at <a8210e2c524f4006b7abbb82895ebd2e>:0).  
18,Exception,IndexOutOfRangeException: Index was outside the bounds of the array.,SimpleController.FixedUpdate () (at <a8210e2c524f4006b7abbb82895ebd2e>:0).  
18.02,Exception,IndexOutOfRangeException: Index was outside the bounds of the array.,SimpleController.FixedUpdate () (at <a8210e2c524f4006b7abbb82895ebd2e>:0).  
18.04,Exception,IndexOutOfRangeException: Index was outside the bounds of the array.,SimpleController.FixedUpdate () (at <a8210e2c524f4006b7abbb82895ebd2e>:0).  
18.06,Exception,IndexOutOfRangeException: Index was outside the bounds of the array.,SimpleController.FixedUpdate () (at <a8210e2c524f4006b7abbb82895ebd2e>:0).  
18.08,Exception,IndexOutOfRangeException: Index was outside the bounds of the array.,SimpleController.FixedUpdate () (at <a8210e2c524f4006b7abbb82895ebd2e>:0).  
18.1,Exception,IndexOutOfRangeException: Index was outside the bounds of the array.,SimpleController.FixedUpdate () (at <a8210e2c524f4006b7abbb82895ebd2e>:0).  
18.12,Exception,IndexOutOfRangeException: Index was outside the bounds of the array.,SimpleController.FixedUpdate () (at <a8210e2c524f4006b7abbb82895ebd2e>:0).  
18.14,Exception,IndexOutOfRangeException: Index was outside the bounds of the array.,SimpleController.FixedUpdate () (at <a8210e2c524f4006b7abbb82895ebd2e>:0).  
18.16,Exception,IndexOutOfRangeException: Index was outside the bounds of the array.,SimpleController.FixedUpdate () (at <a8210e2c524f4006b7abbb82895ebd2e>:0).  
18.18,Exception,IndexOutOfRangeException: Index was outside the bounds of the array.,SimpleController.FixedUpdate () (at <a8210e2c524f4006b7abbb82895ebd2e>:0).  
18.2,Exception,IndexOutOfRangeException: Index was outside the bounds of the array.,SimpleController.FixedUpdate () (at <a8210e2c524f4006b7abbb82895ebd2e>:0).  
18.22,Exception,IndexOutOfRangeException: Index was outside the bounds of the array.,SimpleController.FixedUpdate () (at <a8210e2c524f4006b7abbb82895ebd2e>:0).  
18.24,Exception,IndexOutOfRangeException: Index was outside the bounds of the array.,SimpleController.FixedUpdate () (at <a8210e2c524f4006b7abbb82895ebd2e>:0).  
18.26,Exception,IndexOutOfRangeException: Index was outside the bounds of the array.,SimpleController.FixedUpdate () (at <a8210e2c524f4006b7abbb82895ebd2e>:0).  
18.28,Exception,IndexOutOfRangeException: Index was outside the bounds of the array.,SimpleController.FixedUpdate () (at <a8210e2c524f4006b7abbb82895ebd2e>:0).  
18.3,Exception,IndexOutOfRangeException: Index was outside the bounds of the array.,SimpleController.FixedUpdate () (at <a8210e2c524f4006b7abbb82895ebd2e>:0).  
18.32,Exception,IndexOutOfRangeException: Index was outside the bounds of the array.,SimpleController.FixedUpdate () (at <a8210e2c524f4006b7abbb82895ebd2e>:0).  
18.34,Exception,IndexOutOfRangeException: Index was outside the bounds of the array.,SimpleController.FixedUpdate () (at <a8210e2c524f4006b7abbb82895ebd2e>:0).  
18.36,Exception,IndexOutOfRangeException: Index was outside the bounds of the array.,SimpleController.FixedUpdate () (at <a8210e2c524f4006b7abbb82895ebd2e>:0).  
18.38,Exception,IndexOutOfRangeException: Index was outside the bounds of the array.,SimpleController.FixedUpdate () (at <a8210e2c524f4006b7abbb82895ebd2e>:0).  
18.4,Exception,IndexOutOfRangeException: Index was outside the bounds of the array.,SimpleController.FixedUpdate () (at <a8210e2c524f4006b7abbb82895ebd2e>:0).  
18.42,Exception,IndexOutOfRangeException: Index was outside the bounds of the array.,SimpleController.FixedUpdate () (at <a8210e2c524f4006b7abbb82895ebd2e>:0).  
18.44,Exception,IndexOutOfRangeException: Index was outside the bounds of the array.,SimpleController.FixedUpdate () (at <a8210e2c524f4006b7abbb82895ebd2e>:0).  
18.46,Exception,IndexOutOfRangeException: Index was outside the bounds of the array.,SimpleController.FixedUpdate () (at <a8210e2c524f4006b7abbb82895ebd2e>:0).  
18.48,Exception,IndexOutOfRangeException: Index was outside the bounds of the array.,SimpleController.FixedUpdate () (at <a8210e2c524f4006b7abbb82895ebd2e>:0).  
18.5,Exception,IndexOutOfRangeException: Index was outside the bounds of the array.,SimpleController.FixedUpdate () (at <a8210e2c524f4006b7abbb82895ebd2e>:0).  
18.52,Exception,IndexOutOfRangeException: Index was outside the bounds of the array.,SimpleController.FixedUpdate () (at <a8210e2c524f4006b7abbb82895ebd2e>:0).  
18.54,Exception,IndexOutOfRangeException: Index was outside the bounds of the array.,SimpleController.FixedUpdate () (at <a8210e2c524f4006b7abbb82895ebd2e>:0).  
18.56,Exception,IndexOutOfRangeException: Index was outside the bounds of the array.,SimpleController.FixedUpdate () (at <a8210e2c524f4006b7abbb82895ebd2e>:0).  
18.58,Exception,IndexOutOfRangeException: Index was outside the bounds of the array.,SimpleController.FixedUpdate () (at <a8210e2c524f4006b7abbb82895ebd2e>:0).  
18.6,Exception,IndexOutOfRangeException: Index was outside the bounds of the array.,SimpleController.FixedUpdate () (at <a8210e2c524f4006b7abbb82895ebd2e>:0).  
18.62,Exception,IndexOutOfRangeException: Index was outside the bounds of the array.,SimpleController.FixedUpdate () (at <a8210e2c524f4006b7abbb82895ebd2e>:0).  
18.64,Exception,IndexOutOfRangeException: Index was outside the bounds of the array.,SimpleController.FixedUpdate () (at <a8210e2c524f4006b7abbb82895ebd2e>:0).  
18.66,Exception,IndexOutOfRangeException: Index was outside the bounds of the array.,SimpleController.FixedUpdate () (at <a8210e2c524f4006b7abbb82895ebd2e>:0).  
18.68,Exception,IndexOutOfRangeException: Index was outside the bounds of the array.,SimpleController.FixedUpdate () (at <a8210e2c524f4006b7abbb82895ebd2e>:0).  
18.7,Exception,IndexOutOfRangeException: Index was outside the bounds of the array.,SimpleController.FixedUpdate () (at <a8210e2c524f4006b7abbb82895ebd2e>:0).  
18.72,Exception,IndexOutOfRangeException: Index was outside the bounds of the array.,SimpleController.FixedUpdate () (at <a8210e2c524f4006b7abbb82895ebd2e>:0).  
18.74,Exception,IndexOutOfRangeException: Index was outside the bounds of the array.,SimpleController.FixedUpdate () (at <a8210e2c524f4006b7abbb82895ebd2e>:0).  
18.76,Exception,IndexOutOfRangeException: Index was outside the bounds of the array.,SimpleController.FixedUpdate () (at <a8210e2c524f4006b7abbb82895ebd2e>:0).  
18.78,Exception,IndexOutOfRangeException: Index was outside the bounds of the array.,SimpleController.FixedUpdate () (at <a8210e2c524f4006b7abbb82895ebd2e>:0).  
18.8,Exception,IndexOutOfRangeException: Index was outside the bounds of the array.,SimpleController.FixedUpdate () (at <a8210e2c524f4006b7abbb82895ebd2e>:0).  
18.82,Exception,IndexOutOfRangeException: Index was outside the bounds of the array.,SimpleController.FixedUpdate () (at <a8210e2c524f4006b7abbb82895ebd2e>:0).  
18.84,Exception,IndexOutOfRangeException: Index was outside the bounds of the array.,SimpleController.FixedUpdate () (at <a8210e2c524f4006b7abbb82895ebd2e>:0).  
18.86,Exception,IndexOutOfRangeException: Index was outside the bounds of the array.,SimpleController.FixedUpdate () (at <a8210e2c524f4006b7abbb82895ebd2e>:0).  
18.88,Exception,IndexOutOfRangeException: Index was outside the bounds of the array.,SimpleController.FixedUpdate () (at <a8210e2c524f4006b7abbb82895ebd2e>:0).  
18.9,Exception,IndexOutOfRangeException: Index was outside the bounds of the array.,SimpleController.FixedUpdate () (at <a8210e2c524f4006b7abbb82895ebd2e>:0).  
18.92,Exception,IndexOutOfRangeException: Index was outside the bounds of the array.,SimpleController.FixedUpdate () (at <a8210e2c524f4006b7abbb82895ebd2e>:0).  
18.94,Exception,IndexOutOfRangeException: Index was outside the bounds of the array.,SimpleController.FixedUpdate () (at <a8210e2c524f4006b7abbb82895ebd2e>:0).  
18.96,Exception,IndexOutOfRangeException: Index was outside the bounds of the array.,SimpleController.FixedUpdate () (at <a8210e2c524f4006b7abbb82895ebd2e>:0).  
18.98,Exception,IndexOutOfRangeException: Index was outside the bounds of the array.,SimpleController.FixedUpdate () (at <a8210e2c524f4006b7abbb82895ebd2e>:0).  
19,Exception,IndexOutOfRangeException: Index was outside the bounds of the array.,SimpleController.FixedUpdate () (at <a8210e2c524f4006b7abbb82895ebd2e>:0).  
19.02,Exception,IndexOutOfRangeException: Index was outside the bounds of the array.,SimpleController.FixedUpdate () (at <a8210e2c524f4006b7abbb82895ebd2e>:0).  
19.04,Exception,IndexOutOfRangeException: Index was outside the bounds of the array.,SimpleController.FixedUpdate () (at <a8210e2c524f4006b7abbb82895ebd2e>:0).  
19.06,Exception,IndexOutOfRangeException: Index was outside the bounds of the array.,SimpleController.FixedUpdate () (at <a8210e2c524f4006b7abbb82895ebd2e>:0).  
19.08,Exception,IndexOutOfRangeException: Index was outside the bounds of the array.,SimpleController.FixedUpdate () (at <a8210e2c524f4006b7abbb82895ebd2e>:0).  
19.1,Exception,IndexOutOfRangeException: Index was outside the bounds of the array.,SimpleController.FixedUpdate () (at <a8210e2c524f4006b7abbb82895ebd2e>:0).  
19.12,Exception,IndexOutOfRangeException: Index was outside the bounds of the array.,SimpleController.FixedUpdate () (at <a8210e2c524f4006b7abbb82895ebd2e>:0).  
19.14,Exception,IndexOutOfRangeException: Index was outside the bounds of the array.,SimpleController.FixedUpdate () (at <a8210e2c524f4006b7abbb82895ebd2e>:0).  
19.16,Exception,IndexOutOfRangeException: Index was outside the bounds of the array.,SimpleController.FixedUpdate () (at <a8210e2c524f4006b7abbb82895ebd2e>:0).  
19.18,Exception,IndexOutOfRangeException: Index was outside the bounds of the array.,SimpleController.FixedUpdate () (at <a8210e2c524f4006b7abbb82895ebd2e>:0).  
19.2,Exception,IndexOutOfRangeException: Index was outside the bounds of the array.,SimpleController.FixedUpdate () (at <a8210e2c524f4006b7abbb82895ebd2e>:0).  
19.22,Exception,IndexOutOfRangeException: Index was outside the bounds of the array.,SimpleController.FixedUpdate () (at <a8210e2c524f4006b7abbb82895ebd2e>:0).  
19.24,Exception,IndexOutOfRangeException: Index was outside the bounds of the array.,SimpleController.FixedUpdate () (at <a8210e2c524f4006b7abbb82895ebd2e>:0).  
19.26,Exception,IndexOutOfRangeException: Index was outside the bounds of the array.,SimpleController.FixedUpdate () (at <a8210e2c524f4006b7abbb82895ebd2e>:0).  
19.28,Exception,IndexOutOfRangeException: Index was outside the bounds of the array.,SimpleController.FixedUpdate () (at <a8210e2c524f4006b7abbb82895ebd2e>:0).  
19.3,Exception,IndexOutOfRangeException: Index was outside the bounds of the array.,SimpleController.FixedUpdate () (at <a8210e2c524f4006b7abbb82895ebd2e>:0).  
19.32,Exception,IndexOutOfRangeException: Index was outside the bounds of the array.,SimpleController.FixedUpdate () (at <a8210e2c524f4006b7abbb82895ebd2e>:0).  
19.34,Exception,IndexOutOfRangeException: Index was outside the bounds of the array.,SimpleController.FixedUpdate () (at <a8210e2c524f4006b7abbb82895ebd2e>:0).  
19.36,Exception,IndexOutOfRangeException: Index was outside the bounds of the array.,SimpleController.FixedUpdate () (at <a8210e2c524f4006b7abbb82895ebd2e>:0).  
19.38,Exception,IndexOutOfRangeException: Index was outside the bounds of the array.,SimpleController.FixedUpdate () (at <a8210e2c524f4006b7abbb82895ebd2e>:0).  
19.4,Exception,IndexOutOfRangeException: Index was outside the bounds of the array.,SimpleController.FixedUpdate () (at <a8210e2c524f4006b7abbb82895ebd2e>:0).  
19.42,Exception,IndexOutOfRangeException: Index was outside the bounds of the array.,SimpleController.FixedUpdate () (at <a8210e2c524f4006b7abbb82895ebd2e>:0).  
19.44,Exception,IndexOutOfRangeException: Index was outside the bounds of the array.,SimpleController.FixedUpdate () (at <a8210e2c524f4006b7abbb82895ebd2e>:0).  
19.46,Exception,IndexOutOfRangeException: Index was outside the bounds of the array.,SimpleController.FixedUpdate () (at <a8210e2c524f4006b7abbb82895ebd2e>:0).  
19.48,Exception,IndexOutOfRangeException: Index was outside the bounds of the array.,SimpleController.FixedUpdate () (at <a8210e2c524f4006b7abbb82895ebd2e>:0).  
19.5,Exception,IndexOutOfRangeException: Index was outside the bounds of the array.,SimpleController.FixedUpdate () (at <a8210e2c524f4006b7abbb82895ebd2e>:0).  
19.52,Exception,IndexOutOfRangeException: Index was outside the bounds of the array.,SimpleController.FixedUpdate () (at <a8210e2c524f4006b7abbb82895ebd2e>:0).  
19.54,Exception,IndexOutOfRangeException: Index was outside the bounds of the array.,SimpleController.FixedUpdate () (at <a8210e2c524f4006b7abbb82895ebd2e>:0).  
19.56,Exception,IndexOutOfRangeException: Index was outside the bounds of the array.,SimpleController.FixedUpdate () (at <a8210e2c524f4006b7abbb82895ebd2e>:0).  
19.58,Exception,IndexOutOfRangeException: Index was outside the bounds of the array.,SimpleController.FixedUpdate () (at <a8210e2c524f4006b7abbb82895ebd2e>:0).  
19.6,Exception,IndexOutOfRangeException: Index was outside the bounds of the array.,SimpleController.FixedUpdate () (at <a8210e2c524f4006b7abbb82895ebd2e>:0).  
19.62,Exception,IndexOutOfRangeException: Index was outside the bounds of the array.,SimpleController.FixedUpdate () (at <a8210e2c524f4006b7abbb82895ebd2e>:0).  
19.64,Exception,IndexOutOfRangeException: Index was outside the bounds of the array.,SimpleController.FixedUpdate () (at <a8210e2c524f4006b7abbb82895ebd2e>:0).  
19.66,Exception,IndexOutOfRangeException: Index was outside the bounds of the array.,SimpleController.FixedUpdate () (at <a8210e2c524f4006b7abbb82895ebd2e>:0).  
19.68,Exception,IndexOutOfRangeException: Index was outside the bounds of the array.,SimpleController.FixedUpdate () (at <a8210e2c524f4006b7abbb82895ebd2e>:0).  
19.7,Exception,IndexOutOfRangeException: Index was outside the bounds of the array.,SimpleController.FixedUpdate () (at <a8210e2c524f4006b7abbb82895ebd2e>:0).  
19.72,Exception,IndexOutOfRangeException: Index was outside the bounds of the array.,SimpleController.FixedUpdate () (at <a8210e2c524f4006b7abbb82895ebd2e>:0).  
19.74,Exception,IndexOutOfRangeException: Index was outside the bounds of the array.,SimpleController.FixedUpdate () (at <a8210e2c524f4006b7abbb82895ebd2e>:0).  
19.76,Exception,IndexOutOfRangeException: Index was outside the bounds of the array.,SimpleController.FixedUpdate () (at <a8210e2c524f4006b7abbb82895ebd2e>:0).  
19.78,Exception,IndexOutOfRangeException: Index was outside the bounds of the array.,SimpleController.FixedUpdate () (at <a8210e2c524f4006b7abbb82895ebd2e>:0).  
19.8,Exception,IndexOutOfRangeException: Index was outside the bounds of the array.,SimpleController.FixedUpdate () (at <a8210e2c524f4006b7abbb82895ebd2e>:0).  
19.82,Exception,IndexOutOfRangeException: Index was outside the bounds of the array.,SimpleController.FixedUpdate () (at <a8210e2c524f4006b7abbb82895ebd2e>:0).  
19.84,Exception,IndexOutOfRangeException: Index was outside the bounds of the array.,SimpleController.FixedUpdate () (at <a8210e2c524f4006b7abbb82895ebd2e>:0).  
19.86,Exception,IndexOutOfRangeException: Index was outside the bounds of the array.,SimpleController.FixedUpdate () (at <a8210e2c524f4006b7abbb82895ebd2e>:0).  
19.88,Exception,IndexOutOfRangeException: Index was outside the bounds of the array.,SimpleController.FixedUpdate () (at <a8210e2c524f4006b7abbb82895ebd2e>:0).  
19.9,Exception,IndexOutOfRangeException: Index was outside the bounds of the array.,SimpleController.FixedUpdate () (at <a8210e2c524f4006b7abbb82895ebd2e>:0).  
19.92,Exception,IndexOutOfRangeException: Index was outside the bounds of the array.,SimpleController.FixedUpdate () (at <a8210e2c524f4006b7abbb82895ebd2e>:0).  
19.94,Exception,IndexOutOfRangeException: Index was outside the bounds of the array.,SimpleController.FixedUpdate () (at <a8210e2c524f4006b7abbb82895ebd2e>:0).  
19.96,Exception,IndexOutOfRangeException: Index was outside the bounds of the array.,SimpleController.FixedUpdate () (at <a8210e2c524f4006b7abbb82895ebd2e>:0).  
19.98,Exception,IndexOutOfRangeException: Index was outside the bounds of the array.,SimpleController.FixedUpdate () (at <a8210e2c524f4006b7abbb82895ebd2e>:0).  
20,Exception,IndexOutOfRangeException: Index was outside the bounds of the array.,SimpleController.FixedUpdate () (at <a8210e2c524f4006b7abbb82895ebd2e>:0).  
20.02,Exception,IndexOutOfRangeException: Index was outside the bounds of the array.,SimpleController.FixedUpdate () (at <a8210e2c524f4006b7abbb82895ebd2e>:0).  
20.04,Exception,IndexOutOfRangeException: Index was outside the bounds of the array.,SimpleController.FixedUpdate () (at <a8210e2c524f4006b7abbb82895ebd2e>:0).  
20.06,Exception,IndexOutOfRangeException: Index was outside the bounds of the array.,SimpleController.FixedUpdate () (at <a8210e2c524f4006b7abbb82895ebd2e>:0).  
20.08,Exception,IndexOutOfRangeException: Index was outside the bounds of the array.,SimpleController.FixedUpdate () (at <a8210e2c524f4006b7abbb82895ebd2e>:0).  
20.1,Exception,IndexOutOfRangeException: Index was outside the bounds of the array.,SimpleController.FixedUpdate () (at <a8210e2c524f4006b7abbb82895ebd2e>:0).  
20.12,Exception,IndexOutOfRangeException: Index was outside the bounds of the array.,SimpleController.FixedUpdate () (at <a8210e2c524f4006b7abbb82895ebd2e>:0).  
20.14,Exception,IndexOutOfRangeException: Index was outside the bounds of the array.,SimpleController.FixedUpdate () (at <a8210e2c524f4006b7abbb82895ebd2e>:0).  
20.16,Exception,IndexOutOfRangeException: Index was outside the bounds of the array.,SimpleController.FixedUpdate () (at <a8210e2c524f4006b7abbb82895ebd2e>:0).  
20.18,Exception,IndexOutOfRangeException: Index was outside the bounds of the array.,SimpleController.FixedUpdate () (at <a8210e2c524f4006b7abbb82895ebd2e>:0).  
20.2,Exception,IndexOutOfRangeException: Index was outside the bounds of the array.,SimpleController.FixedUpdate () (at <a8210e2c524f4006b7abbb82895ebd2e>:0).  
20.22,Exception,IndexOutOfRangeException: Index was outside the bounds of the array.,SimpleController.FixedUpdate () (at <a8210e2c524f4006b7abbb82895ebd2e>:0).  
20.24,Exception,IndexOutOfRangeException: Index was outside the bounds of the array.,SimpleController.FixedUpdate () (at <a8210e2c524f4006b7abbb82895ebd2e>:0).  
20.26,Exception,IndexOutOfRangeException: Index was outside the bounds of the array.,SimpleController.FixedUpdate () (at <a8210e2c524f4006b7abbb82895ebd2e>:0).  
20.28,Exception,IndexOutOfRangeException: Index was outside the bounds of the array.,SimpleController.FixedUpdate () (at <a8210e2c524f4006b7abbb82895ebd2e>:0).  
20.3,Exception,IndexOutOfRangeException: Index was outside the bounds of the array.,SimpleController.FixedUpdate () (at <a8210e2c524f4006b7abbb82895ebd2e>:0).  
20.32,Exception,IndexOutOfRangeException: Index was outside the bounds of the array.,SimpleController.FixedUpdate () (at <a8210e2c524f4006b7abbb82895ebd2e>:0).  
20.34,Exception,IndexOutOfRangeException: Index was outside the bounds of the array.,SimpleController.FixedUpdate () (at <a8210e2c524f4006b7abbb82895ebd2e>:0).  
20.36,Exception,IndexOutOfRangeException: Index was outside the bounds of the array.,SimpleController.FixedUpdate () (at <a8210e2c524f4006b7abbb82895ebd2e>:0).  
20.38,Exception,IndexOutOfRangeException: Index was outside the bounds of the array.,SimpleController.FixedUpdate () (at <a8210e2c524f4006b7abbb82895ebd2e>:0).  
20.4,Exception,IndexOutOfRangeException: Index was outside the bounds of the array.,SimpleController.FixedUpdate () (at <a8210e2c524f4006b7abbb82895ebd2e>:0).  
20.42,Exception,IndexOutOfRangeException: Index was outside the bounds of the array.,SimpleController.FixedUpdate () (at <a8210e2c524f4006b7abbb82895ebd2e>:0).  
20.44,Exception,IndexOutOfRangeException: Index was outside the bounds of the array.,SimpleController.FixedUpdate () (at <a8210e2c524f4006b7abbb82895ebd2e>:0).  
20.46,Exception,IndexOutOfRangeException: Index was outside the bounds of the array.,SimpleController.FixedUpdate () (at <a8210e2c524f4006b7abbb82895ebd2e>:0).  
20.48,Exception,IndexOutOfRangeException: Index was outside the bounds of the array.,SimpleController.FixedUpdate () (at <a8210e2c524f4006b7abbb82895ebd2e>:0).  
20.5,Exception,IndexOutOfRangeException: Index was outside the bounds of the array.,SimpleController.FixedUpdate () (at <a8210e2c524f4006b7abbb82895ebd2e>:0).  
20.52,Exception,IndexOutOfRangeException: Index was outside the bounds of the array.,SimpleController.FixedUpdate () (at <a8210e2c524f4006b7abbb82895ebd2e>:0).  
20.54,Exception,IndexOutOfRangeException: Index was outside the bounds of the array.,SimpleController.FixedUpdate () (at <a8210e2c524f4006b7abbb82895ebd2e>:0).  
20.56,Exception,IndexOutOfRangeException: Index was outside the bounds of the array.,SimpleController.FixedUpdate () (at <a8210e2c524f4006b7abbb82895ebd2e>:0).  
20.58,Exception,IndexOutOfRangeException: Index was outside the bounds of the array.,SimpleController.FixedUpdate () (at <a8210e2c524f4006b7abbb82895ebd2e>:0).  
20.6,Exception,IndexOutOfRangeException: Index was outside the bounds of the array.,SimpleController.FixedUpdate () (at <a8210e2c524f4006b7abbb82895ebd2e>:0).  
20.62,Exception,IndexOutOfRangeException: Index was outside the bounds of the array.,SimpleController.FixedUpdate () (at <a8210e2c524f4006b7abbb82895ebd2e>:0).  
20.64,Exception,IndexOutOfRangeException: Index was outside the bounds of the array.,SimpleController.FixedUpdate () (at <a8210e2c524f4006b7abbb82895ebd2e>:0).  
20.66,Exception,IndexOutOfRangeException: Index was outside the bounds of the array.,SimpleController.FixedUpdate () (at <a8210e2c524f4006b7abbb82895ebd2e>:0).  
20.68,Exception,IndexOutOfRangeException: Index was outside the bounds of the array.,SimpleController.FixedUpdate () (at <a8210e2c524f4006b7abbb82895ebd2e>:0).  
20.7,Exception,IndexOutOfRangeException: Index was outside the bounds of the array.,SimpleController.FixedUpdate () (at <a8210e2c524f4006b7abbb82895ebd2e>:0).  
20.72,Exception,IndexOutOfRangeException: Index was outside the bounds of the array.,SimpleController.FixedUpdate () (at <a8210e2c524f4006b7abbb82895ebd2e>:0).  
20.74,Exception,IndexOutOfRangeException: Index was outside the bounds of the array.,SimpleController.FixedUpdate () (at <a8210e2c524f4006b7abbb82895ebd2e>:0).  
20.76,Exception,IndexOutOfRangeException: Index was outside the bounds of the array.,SimpleController.FixedUpdate () (at <a8210e2c524f4006b7abbb82895ebd2e>:0).  
20.78,Exception,IndexOutOfRangeException: Index was outside the bounds of the array.,SimpleController.FixedUpdate () (at <a8210e2c524f4006b7abbb82895ebd2e>:0).  
20.8,Exception,IndexOutOfRangeException: Index was outside the bounds of the array.,SimpleController.FixedUpdate () (at <a8210e2c524f4006b7abbb82895ebd2e>:0).  
20.82,Exception,IndexOutOfRangeException: Index was outside the bounds of the array.,SimpleController.FixedUpdate () (at <a8210e2c524f4006b7abbb82895ebd2e>:0).  
20.84,Exception,IndexOutOfRangeException: Index was outside the bounds of the array.,SimpleController.FixedUpdate () (at <a8210e2c524f4006b7abbb82895ebd2e>:0).  
20.86,Exception,IndexOutOfRangeException: Index was outside the bounds of the array.,SimpleController.FixedUpdate () (at <a8210e2c524f4006b7abbb82895ebd2e>:0).  
20.88,Exception,IndexOutOfRangeException: Index was outside the bounds of the array.,SimpleController.FixedUpdate () (at <a8210e2c524f4006b7abbb82895ebd2e>:0).  
20.9,Exception,IndexOutOfRangeException: Index was outside the bounds of the array.,SimpleController.FixedUpdate () (at <a8210e2c524f4006b7abbb82895ebd2e>:0).  
20.92,Exception,IndexOutOfRangeException: Index was outside the bounds of the array.,SimpleController.FixedUpdate () (at <a8210e2c524f4006b7abbb82895ebd2e>:0).  
20.94,Exception,IndexOutOfRangeException: Index was outside the bounds of the array.,SimpleController.FixedUpdate () (at <a8210e2c524f4006b7abbb82895ebd2e>:0).  
20.96,Exception,IndexOutOfRangeException: Index was outside the bounds of the array.,SimpleController.FixedUpdate () (at <a8210e2c524f4006b7abbb82895ebd2e>:0).  
20.98,Exception,IndexOutOfRangeException: Index was outside the bounds of the array.,SimpleController.FixedUpdate () (at <a8210e2c524f4006b7abbb82895ebd2e>:0).  
21,Exception,IndexOutOfRangeException: Index was outside the bounds of the array.,SimpleController.FixedUpdate () (at <a8210e2c524f4006b7abbb82895ebd2e>:0).  
21.02,Exception,IndexOutOfRangeException: Index was outside the bounds of the array.,SimpleController.FixedUpdate () (at <a8210e2c524f4006b7abbb82895ebd2e>:0).  
21.04,Exception,IndexOutOfRangeException: Index was outside the bounds of the array.,SimpleController.FixedUpdate () (at <a8210e2c524f4006b7abbb82895ebd2e>:0).  
21.06,Exception,IndexOutOfRangeException: Index was outside the bounds of the array.,SimpleController.FixedUpdate () (at <a8210e2c524f4006b7abbb82895ebd2e>:0).  
21.08,Exception,IndexOutOfRangeException: Index was outside the bounds of the array.,SimpleController.FixedUpdate () (at <a8210e2c524f4006b7abbb82895ebd2e>:0).  
21.1,Exception,IndexOutOfRangeException: Index was outside the bounds of the array.,SimpleController.FixedUpdate () (at <a8210e2c524f4006b7abbb82895ebd2e>:0).  
21.12,Exception,IndexOutOfRangeException: Index was outside the bounds of the array.,SimpleController.FixedUpdate () (at <a8210e2c524f4006b7abbb82895ebd2e>:0).  
21.14,Exception,IndexOutOfRangeException: Index was outside the bounds of the array.,SimpleController.FixedUpdate () (at <a8210e2c524f4006b7abbb82895ebd2e>:0).  
21.16,Exception,IndexOutOfRangeException: Index was outside the bounds of the array.,SimpleController.FixedUpdate () (at <a8210e2c524f4006b7abbb82895ebd2e>:0).  
21.18,Exception,IndexOutOfRangeException: Index was outside the bounds of the array.,SimpleController.FixedUpdate () (at <a8210e2c524f4006b7abbb82895ebd2e>:0).  
21.2,Exception,IndexOutOfRangeException: Index was outside the bounds of the array.,SimpleController.FixedUpdate () (at <a8210e2c524f4006b7abbb82895ebd2e>:0).  
21.22,Exception,IndexOutOfRangeException: Index was outside the bounds of the array.,SimpleController.FixedUpdate () (at <a8210e2c524f4006b7abbb82895ebd2e>:0).  
21.24,Exception,IndexOutOfRangeException: Index was outside the bounds of the array.,SimpleController.FixedUpdate () (at <a8210e2c524f4006b7abbb82895ebd2e>:0).  
21.26,Exception,IndexOutOfRangeException: Index was outside the bounds of the array.,SimpleController.FixedUpdate () (at <a8210e2c524f4006b7abbb82895ebd2e>:0).  
21.28,Exception,IndexOutOfRangeException: Index was outside the bounds of the array.,SimpleController.FixedUpdate () (at <a8210e2c524f4006b7abbb82895ebd2e>:0).  
21.3,Exception,IndexOutOfRangeException: Index was outside the bounds of the array.,SimpleController.FixedUpdate () (at <a8210e2c524f4006b7abbb82895ebd2e>:0).  
21.32,Exception,IndexOutOfRangeException: Index was outside the bounds of the array.,SimpleController.FixedUpdate () (at <a8210e2c524f4006b7abbb82895ebd2e>:0).  
21.34,Exception,IndexOutOfRangeException: Index was outside the bounds of the array.,SimpleController.FixedUpdate () (at <a8210e2c524f4006b7abbb82895ebd2e>:0).  
21.36,Exception,IndexOutOfRangeException: Index was outside the bounds of the array.,SimpleController.FixedUpdate () (at <a8210e2c524f4006b7abbb82895ebd2e>:0).  
21.38,Exception,IndexOutOfRangeException: Index was outside the bounds of the array.,SimpleController.FixedUpdate () (at <a8210e2c524f4006b7abbb82895ebd2e>:0).  
21.4,Exception,IndexOutOfRangeException: Index was outside the bounds of the array.,SimpleController.FixedUpdate () (at <a8210e2c524f4006b7abbb82895ebd2e>:0).  
21.42,Exception,IndexOutOfRangeException: Index was outside the bounds of the array.,SimpleController.FixedUpdate () (at <a8210e2c524f4006b7abbb82895ebd2e>:0).  
21.44,Exception,IndexOutOfRangeException: Index was outside the bounds of the array.,SimpleController.FixedUpdate () (at <a8210e2c524f4006b7abbb82895ebd2e>:0).  
21.46,Exception,IndexOutOfRangeException: Index was outside the bounds of the array.,SimpleController.FixedUpdate () (at <a8210e2c524f4006b7abbb82895ebd2e>:0).  
21.48,Exception,IndexOutOfRangeException: Index was outside the bounds of the array.,SimpleController.FixedUpdate () (at <a8210e2c524f4006b7abbb82895ebd2e>:0).  
21.5,Exception,IndexOutOfRangeException: Index was outside the bounds of the array.,SimpleController.FixedUpdate () (at <a8210e2c524f4006b7abbb82895ebd2e>:0).  
21.52,Exception,IndexOutOfRangeException: Index was outside the bounds of the array.,SimpleController.FixedUpdate () (at <a8210e2c524f4006b7abbb82895ebd2e>:0).  
21.54,Exception,IndexOutOfRangeException: Index was outside the bounds of the array.,SimpleController.FixedUpdate () (at <a8210e2c524f4006b7abbb82895ebd2e>:0).  
21.56,Exception,IndexOutOfRangeException: Index was outside the bounds of the array.,SimpleController.FixedUpdate () (at <a8210e2c524f4006b7abbb82895ebd2e>:0).  
21.58,Exception,IndexOutOfRangeException: Index was outside the bounds of the array.,SimpleController.FixedUpdate () (at <a8210e2c524f4006b7abbb82895ebd2e>:0).  
21.6,Exception,IndexOutOfRangeException: Index was outside the bounds of the array.,SimpleController.FixedUpdate () (at <a8210e2c524f4006b7abbb82895ebd2e>:0).  
21.62,Exception,IndexOutOfRangeException: Index was outside the bounds of the array.,SimpleController.FixedUpdate () (at <a8210e2c524f4006b7abbb82895ebd2e>:0).  
21.64,Exception,IndexOutOfRangeException: Index was outside the bounds of the array.,SimpleController.FixedUpdate () (at <a8210e2c524f4006b7abbb82895ebd2e>:0).  
21.66,Exception,IndexOutOfRangeException: Index was outside the bounds of the array.,SimpleController.FixedUpdate () (at <a8210e2c524f4006b7abbb82895ebd2e>:0).  
21.68,Exception,IndexOutOfRangeException: Index was outside the bounds of the array.,SimpleController.FixedUpdate () (at <a8210e2c524f4006b7abbb82895ebd2e>:0).  
21.7,Exception,IndexOutOfRangeException: Index was outside the bounds of the array.,SimpleController.FixedUpdate () (at <a8210e2c524f4006b7abbb82895ebd2e>:0).  
21.72,Exception,IndexOutOfRangeException: Index was outside the bounds of the array.,SimpleController.FixedUpdate () (at <a8210e2c524f4006b7abbb82895ebd2e>:0).  
21.74,Exception,IndexOutOfRangeException: Index was outside the bounds of the array.,SimpleController.FixedUpdate () (at <a8210e2c524f4006b7abbb82895ebd2e>:0).  
21.76,Exception,IndexOutOfRangeException: Index was outside the bounds of the array.,SimpleController.FixedUpdate () (at <a8210e2c524f4006b7abbb82895ebd2e>:0).  
21.78,Exception,IndexOutOfRangeException: Index was outside the bounds of the array.,SimpleController.FixedUpdate () (at <a8210e2c524f4006b7abbb82895ebd2e>:0).  
21.8,Exception,IndexOutOfRangeException: Index was outside the bounds of the array.,SimpleController.FixedUpdate () (at <a8210e2c524f4006b7abbb82895ebd2e>:0).  
21.82,Exception,IndexOutOfRangeException: Index was outside the bounds of the array.,SimpleController.FixedUpdate () (at <a8210e2c524f4006b7abbb82895ebd2e>:0).  
21.84,Exception,IndexOutOfRangeException: Index was outside the bounds of the array.,SimpleController.FixedUpdate () (at <a8210e2c524f4006b7abbb82895ebd2e>:0).  
21.86,Exception,IndexOutOfRangeException: Index was outside the bounds of the array.,SimpleController.FixedUpdate () (at <a8210e2c524f4006b7abbb82895ebd2e>:0).  
21.88,Exception,IndexOutOfRangeException: Index was outside the bounds of the array.,SimpleController.FixedUpdate () (at <a8210e2c524f4006b7abbb82895ebd2e>:0).  
21.9,Exception,IndexOutOfRangeException: Index was outside the bounds of the array.,SimpleController.FixedUpdate () (at <a8210e2c524f4006b7abbb82895ebd2e>:0).  
21.92,Exception,IndexOutOfRangeException: Index was outside the bounds of the array.,SimpleController.FixedUpdate () (at <a8210e2c524f4006b7abbb82895ebd2e>:0).  
21.94,Exception,IndexOutOfRangeException: Index was outside the bounds of the array.,SimpleController.FixedUpdate () (at <a8210e2c524f4006b7abbb82895ebd2e>:0).  
21.96,Exception,IndexOutOfRangeException: Index was outside the bounds of the array.,SimpleController.FixedUpdate () (at <a8210e2c524f4006b7abbb82895ebd2e>:0).  
21.98,Exception,IndexOutOfRangeException: Index was outside the bounds of the array.,SimpleController.FixedUpdate () (at <a8210e2c524f4006b7abbb82895ebd2e>:0).  
22,Exception,IndexOutOfRangeException: Index was outside the bounds of the array.,SimpleController.FixedUpdate () (at <a8210e2c524f4006b7abbb82895ebd2e>:0).  
22.02,Exception,IndexOutOfRangeException: Index was outside the bounds of the array.,SimpleController.FixedUpdate () (at <a8210e2c524f4006b7abbb82895ebd2e>:0).  
22.04,Exception,IndexOutOfRangeException: Index was outside the bounds of the array.,SimpleController.FixedUpdate () (at <a8210e2c524f4006b7abbb82895ebd2e>:0).  
22.06,Exception,IndexOutOfRangeException: Index was outside the bounds of the array.,SimpleController.FixedUpdate () (at <a8210e2c524f4006b7abbb82895ebd2e>:0).  
22.08,Exception,IndexOutOfRangeException: Index was outside the bounds of the array.,SimpleController.FixedUpdate () (at <a8210e2c524f4006b7abbb82895ebd2e>:0).  
22.1,Exception,IndexOutOfRangeException: Index was outside the bounds of the array.,SimpleController.FixedUpdate () (at <a8210e2c524f4006b7abbb82895ebd2e>:0).  
22.12,Exception,IndexOutOfRangeException: Index was outside the bounds of the array.,SimpleController.FixedUpdate () (at <a8210e2c524f4006b7abbb82895ebd2e>:0).  
22.14,Exception,IndexOutOfRangeException: Index was outside the bounds of the array.,SimpleController.FixedUpdate () (at <a8210e2c524f4006b7abbb82895ebd2e>:0).  
22.16,Exception,IndexOutOfRangeException: Index was outside the bounds of the array.,SimpleController.FixedUpdate () (at <a8210e2c524f4006b7abbb82895ebd2e>:0).  
22.18,Exception,IndexOutOfRangeException: Index was outside the bounds of the array.,SimpleController.FixedUpdate () (at <a8210e2c524f4006b7abbb82895ebd2e>:0).  
22.2,Exception,IndexOutOfRangeException: Index was outside the bounds of the array.,SimpleController.FixedUpdate () (at <a8210e2c524f4006b7abbb82895ebd2e>:0).  
22.22,Exception,IndexOutOfRangeException: Index was outside the bounds of the array.,SimpleController.FixedUpdate () (at <a8210e2c524f4006b7abbb82895ebd2e>:0).  
22.24,Exception,IndexOutOfRangeException: Index was outside the bounds of the array.,SimpleController.FixedUpdate () (at <a8210e2c524f4006b7abbb82895ebd2e>:0).  
22.26,Exception,IndexOutOfRangeException: Index was outside the bounds of the array.,SimpleController.FixedUpdate () (at <a8210e2c524f4006b7abbb82895ebd2e>:0).  
22.28,Exception,IndexOutOfRangeException: Index was outside the bounds of the array.,SimpleController.FixedUpdate () (at <a8210e2c524f4006b7abbb82895ebd2e>:0).  
22.3,Exception,IndexOutOfRangeException: Index was outside the bounds of the array.,SimpleController.FixedUpdate () (at <a8210e2c524f4006b7abbb82895ebd2e>:0).  
22.32,Exception,IndexOutOfRangeException: Index was outside the bounds of the array.,SimpleController.FixedUpdate () (at <a8210e2c524f4006b7abbb82895ebd2e>:0).  
22.34,Exception,IndexOutOfRangeException: Index was outside the bounds of the array.,SimpleController.FixedUpdate () (at <a8210e2c524f4006b7abbb82895ebd2e>:0).  
22.36,Exception,IndexOutOfRangeException: Index was outside the bounds of the array.,SimpleController.FixedUpdate () (at <a8210e2c524f4006b7abbb82895ebd2e>:0).  
22.38,Exception,IndexOutOfRangeException: Index was outside the bounds of the array.,SimpleController.FixedUpdate () (at <a8210e2c524f4006b7abbb82895ebd2e>:0).  
22.4,Exception,IndexOutOfRangeException: Index was outside the bounds of the array.,SimpleController.FixedUpdate () (at <a8210e2c524f4006b7abbb82895ebd2e>:0).  
22.42,Exception,IndexOutOfRangeException: Index was outside the bounds of the array.,SimpleController.FixedUpdate () (at <a8210e2c524f4006b7abbb82895ebd2e>:0).  
22.44,Exception,IndexOutOfRangeException: Index was outside the bounds of the array.,SimpleController.FixedUpdate () (at <a8210e2c524f4006b7abbb82895ebd2e>:0).  
22.46,Exception,IndexOutOfRangeException: Index was outside the bounds of the array.,SimpleController.FixedUpdate () (at <a8210e2c524f4006b7abbb82895ebd2e>:0).  
22.48,Exception,IndexOutOfRangeException: Index was outside the bounds of the array.,SimpleController.FixedUpdate () (at <a8210e2c524f4006b7abbb82895ebd2e>:0).  
22.5,Exception,IndexOutOfRangeException: Index was outside the bounds of the array.,SimpleController.FixedUpdate () (at <a8210e2c524f4006b7abbb82895ebd2e>:0).  
22.52,Exception,IndexOutOfRangeException: Index was outside the bounds of the array.,SimpleController.FixedUpdate () (at <a8210e2c524f4006b7abbb82895ebd2e>:0).  
22.54,Exception,IndexOutOfRangeException: Index was outside the bounds of the array.,SimpleController.FixedUpdate () (at <a8210e2c524f4006b7abbb82895ebd2e>:0).  
22.56,Exception,IndexOutOfRangeException: Index was outside the bounds of the array.,SimpleController.FixedUpdate () (at <a8210e2c524f4006b7abbb82895ebd2e>:0).  
22.58,Exception,IndexOutOfRangeException: Index was outside the bounds of the array.,SimpleController.FixedUpdate () (at <a8210e2c524f4006b7abbb82895ebd2e>:0).  
22.6,Exception,IndexOutOfRangeException: Index was outside the bounds of the array.,SimpleController.FixedUpdate () (at <a8210e2c524f4006b7abbb82895ebd2e>:0).  
22.62,Exception,IndexOutOfRangeException: Index was outside the bounds of the array.,SimpleController.FixedUpdate () (at <a8210e2c524f4006b7abbb82895ebd2e>:0).  
22.64,Exception,IndexOutOfRangeException: Index was outside the bounds of the array.,SimpleController.FixedUpdate () (at <a8210e2c524f4006b7abbb82895ebd2e>:0).  
22.66,Exception,IndexOutOfRangeException: Index was outside the bounds of the array.,SimpleController.FixedUpdate () (at <a8210e2c524f4006b7abbb82895ebd2e>:0).  
22.68,Exception,IndexOutOfRangeException: Index was outside the bounds of the array.,SimpleController.FixedUpdate () (at <a8210e2c524f4006b7abbb82895ebd2e>:0).  
22.7,Exception,IndexOutOfRangeException: Index was outside the bounds of the array.,SimpleController.FixedUpdate () (at <a8210e2c524f4006b7abbb82895ebd2e>:0).  
22.72,Exception,IndexOutOfRangeException: Index was outside the bounds of the array.,SimpleController.FixedUpdate () (at <a8210e2c524f4006b7abbb82895ebd2e>:0).  
22.74,Exception,IndexOutOfRangeException: Index was outside the bounds of the array.,SimpleController.FixedUpdate () (at <a8210e2c524f4006b7abbb82895ebd2e>:0).  
22.76,Exception,IndexOutOfRangeException: Index was outside the bounds of the array.,SimpleController.FixedUpdate () (at <a8210e2c524f4006b7abbb82895ebd2e>:0).  
22.78,Exception,IndexOutOfRangeException: Index was outside the bounds of the array.,SimpleController.FixedUpdate () (at <a8210e2c524f4006b7abbb82895ebd2e>:0).  
22.8,Exception,IndexOutOfRangeException: Index was outside the bounds of the array.,SimpleController.FixedUpdate () (at <a8210e2c524f4006b7abbb82895ebd2e>:0).  
22.82,Exception,IndexOutOfRangeException: Index was outside the bounds of the array.,SimpleController.FixedUpdate () (at <a8210e2c524f4006b7abbb82895ebd2e>:0).  
22.84,Exception,IndexOutOfRangeException: Index was outside the bounds of the array.,SimpleController.FixedUpdate () (at <a8210e2c524f4006b7abbb82895ebd2e>:0).  
22.86,Exception,IndexOutOfRangeException: Index was outside the bounds of the array.,SimpleController.FixedUpdate () (at <a8210e2c524f4006b7abbb82895ebd2e>:0).  
22.88,Exception,IndexOutOfRangeException: Index was outside the bounds of the array.,SimpleController.FixedUpdate () (at <a8210e2c524f4006b7abbb82895ebd2e>:0).  
22.9,Exception,IndexOutOfRangeException: Index was outside the bounds of the array.,SimpleController.FixedUpdate () (at <a8210e2c524f4006b7abbb82895ebd2e>:0).  
22.92,Exception,IndexOutOfRangeException: Index was outside the bounds of the array.,SimpleController.FixedUpdate () (at <a8210e2c524f4006b7abbb82895ebd2e>:0).  
22.94,Exception,IndexOutOfRangeException: Index was outside the bounds of the array.,SimpleController.FixedUpdate () (at <a8210e2c524f4006b7abbb82895ebd2e>:0).  
22.96,Exception,IndexOutOfRangeException: Index was outside the bounds of the array.,SimpleController.FixedUpdate () (at <a8210e2c524f4006b7abbb82895ebd2e>:0).  
22.98,Exception,IndexOutOfRangeException: Index was outside the bounds of the array.,SimpleController.FixedUpdate () (at <a8210e2c524f4006b7abbb82895ebd2e>:0).  
23,Exception,IndexOutOfRangeException: Index was outside the bounds of the array.,SimpleController.FixedUpdate () (at <a8210e2c524f4006b7abbb82895ebd2e>:0).  
23.02,Exception,IndexOutOfRangeException: Index was outside the bounds of the array.,SimpleController.FixedUpdate () (at <a8210e2c524f4006b7abbb82895ebd2e>:0).  
23.02738,Log,[<b><color=#AD477C>UXF</color></b>] Beginning session.,
23.02738,Log,F,
23.02738,Log,352.01,
23.02738,Log,Running trial!,
23.04,Exception,IndexOutOfRangeException: Index was outside the bounds of the array.,SimpleController.FixedUpdate () (at <a8210e2c524f4006b7abbb82895ebd2e>:0).  
23.06,Exception,IndexOutOfRangeException: Index was outside the bounds of the array.,SimpleController.FixedUpdate () (at <a8210e2c524f4006b7abbb82895ebd2e>:0).  
23.08,Exception,IndexOutOfRangeException: Index was outside the bounds of the array.,SimpleController.FixedUpdate () (at <a8210e2c524f4006b7abbb82895ebd2e>:0).  
23.1,Exception,IndexOutOfRangeException: Index was outside the bounds of the array.,SimpleController.FixedUpdate () (at <a8210e2c524f4006b7abbb82895ebd2e>:0).  
23.12,Exception,IndexOutOfRangeException: Index was outside the bounds of the array.,SimpleController.FixedUpdate () (at <a8210e2c524f4006b7abbb82895ebd2e>:0).  
23.14,Exception,IndexOutOfRangeException: Index was outside the bounds of the array.,SimpleController.FixedUpdate () (at <a8210e2c524f4006b7abbb82895ebd2e>:0).  
23.16,Exception,IndexOutOfRangeException: Index was outside the bounds of the array.,SimpleController.FixedUpdate () (at <a8210e2c524f4006b7abbb82895ebd2e>:0).  
23.18,Exception,IndexOutOfRangeException: Index was outside the bounds of the array.,SimpleController.FixedUpdate () (at <a8210e2c524f4006b7abbb82895ebd2e>:0).  
23.2,Exception,IndexOutOfRangeException: Index was outside the bounds of the array.,SimpleController.FixedUpdate () (at <a8210e2c524f4006b7abbb82895ebd2e>:0).  
23.22,Exception,IndexOutOfRangeException: Index was outside the bounds of the array.,SimpleController.FixedUpdate () (at <a8210e2c524f4006b7abbb82895ebd2e>:0).  
23.24,Exception,IndexOutOfRangeException: Index was outside the bounds of the array.,SimpleController.FixedUpdate () (at <a8210e2c524f4006b7abbb82895ebd2e>:0).  
23.26,Exception,IndexOutOfRangeException: Index was outside the bounds of the array.,SimpleController.FixedUpdate () (at <a8210e2c524f4006b7abbb82895ebd2e>:0).  
23.28,Exception,IndexOutOfRangeException: Index was outside the bounds of the array.,SimpleController.FixedUpdate () (at <a8210e2c524f4006b7abbb82895ebd2e>:0).  
23.3,Exception,IndexOutOfRangeException: Index was outside the bounds of the array.,SimpleController.FixedUpdate () (at <a8210e2c524f4006b7abbb82895ebd2e>:0).  
23.32,Exception,IndexOutOfRangeException: Index was outside the bounds of the array.,SimpleController.FixedUpdate () (at <a8210e2c524f4006b7abbb82895ebd2e>:0).  
23.34,Exception,IndexOutOfRangeException: Index was outside the bounds of the array.,SimpleController.FixedUpdate () (at <a8210e2c524f4006b7abbb82895ebd2e>:0).  
23.36,Exception,IndexOutOfRangeException: Index was outside the bounds of the array.,SimpleController.FixedUpdate () (at <a8210e2c524f4006b7abbb82895ebd2e>:0).  
23.38,Exception,IndexOutOfRangeException: Index was outside the bounds of the array.,SimpleController.FixedUpdate () (at <a8210e2c524f4006b7abbb82895ebd2e>:0).  
23.4,Exception,IndexOutOfRangeException: Index was outside the bounds of the array.,SimpleController.FixedUpdate () (at <a8210e2c524f4006b7abbb82895ebd2e>:0).  
23.42,Exception,IndexOutOfRangeException: Index was outside the bounds of the array.,SimpleController.FixedUpdate () (at <a8210e2c524f4006b7abbb82895ebd2e>:0).  
23.44,Exception,IndexOutOfRangeException: Index was outside the bounds of the array.,SimpleController.FixedUpdate () (at <a8210e2c524f4006b7abbb82895ebd2e>:0).  
23.46,Exception,IndexOutOfRangeException: Index was outside the bounds of the array.,SimpleController.FixedUpdate () (at <a8210e2c524f4006b7abbb82895ebd2e>:0).  
23.48,Exception,IndexOutOfRangeException: Index was outside the bounds of the array.,SimpleController.FixedUpdate () (at <a8210e2c524f4006b7abbb82895ebd2e>:0).  
23.5,Exception,IndexOutOfRangeException: Index was outside the bounds of the array.,SimpleController.FixedUpdate () (at <a8210e2c524f4006b7abbb82895ebd2e>:0).  
23.52,Exception,IndexOutOfRangeException: Index was outside the bounds of the array.,SimpleController.FixedUpdate () (at <a8210e2c524f4006b7abbb82895ebd2e>:0).  
23.54,Exception,IndexOutOfRangeException: Index was outside the bounds of the array.,SimpleController.FixedUpdate () (at <a8210e2c524f4006b7abbb82895ebd2e>:0).  
23.56,Exception,IndexOutOfRangeException: Index was outside the bounds of the array.,SimpleController.FixedUpdate () (at <a8210e2c524f4006b7abbb82895ebd2e>:0).  
23.58,Exception,IndexOutOfRangeException: Index was outside the bounds of the array.,SimpleController.FixedUpdate () (at <a8210e2c524f4006b7abbb82895ebd2e>:0).  
23.6,Exception,IndexOutOfRangeException: Index was outside the bounds of the array.,SimpleController.FixedUpdate () (at <a8210e2c524f4006b7abbb82895ebd2e>:0).  
23.62,Exception,IndexOutOfRangeException: Index was outside the bounds of the array.,SimpleController.FixedUpdate () (at <a8210e2c524f4006b7abbb82895ebd2e>:0).  
23.64,Exception,IndexOutOfRangeException: Index was outside the bounds of the array.,SimpleController.FixedUpdate () (at <a8210e2c524f4006b7abbb82895ebd2e>:0).  
23.66,Exception,IndexOutOfRangeException: Index was outside the bounds of the array.,SimpleController.FixedUpdate () (at <a8210e2c524f4006b7abbb82895ebd2e>:0).  
23.68,Exception,IndexOutOfRangeException: Index was outside the bounds of the array.,SimpleController.FixedUpdate () (at <a8210e2c524f4006b7abbb82895ebd2e>:0).  
23.7,Exception,IndexOutOfRangeException: Index was outside the bounds of the array.,SimpleController.FixedUpdate () (at <a8210e2c524f4006b7abbb82895ebd2e>:0).  
23.72,Exception,IndexOutOfRangeException: Index was outside the bounds of the array.,SimpleController.FixedUpdate () (at <a8210e2c524f4006b7abbb82895ebd2e>:0).  
23.74,Exception,IndexOutOfRangeException: Index was outside the bounds of the array.,SimpleController.FixedUpdate () (at <a8210e2c524f4006b7abbb82895ebd2e>:0).  
23.76,Exception,IndexOutOfRangeException: Index was outside the bounds of the array.,SimpleController.FixedUpdate () (at <a8210e2c524f4006b7abbb82895ebd2e>:0).  
23.78,Exception,IndexOutOfRangeException: Index was outside the bounds of the array.,SimpleController.FixedUpdate () (at <a8210e2c524f4006b7abbb82895ebd2e>:0).  
23.8,Exception,IndexOutOfRangeException: Index was outside the bounds of the array.,SimpleController.FixedUpdate () (at <a8210e2c524f4006b7abbb82895ebd2e>:0).  
23.82,Exception,IndexOutOfRangeException: Index was outside the bounds of the array.,SimpleController.FixedUpdate () (at <a8210e2c524f4006b7abbb82895ebd2e>:0).  
23.84,Exception,IndexOutOfRangeException: Index was outside the bounds of the array.,SimpleController.FixedUpdate () (at <a8210e2c524f4006b7abbb82895ebd2e>:0).  
23.86,Exception,IndexOutOfRangeException: Index was outside the bounds of the array.,SimpleController.FixedUpdate () (at <a8210e2c524f4006b7abbb82895ebd2e>:0).  
23.88,Exception,IndexOutOfRangeException: Index was outside the bounds of the array.,SimpleController.FixedUpdate () (at <a8210e2c524f4006b7abbb82895ebd2e>:0).  
23.9,Exception,IndexOutOfRangeException: Index was outside the bounds of the array.,SimpleController.FixedUpdate () (at <a8210e2c524f4006b7abbb82895ebd2e>:0).  
23.92,Exception,IndexOutOfRangeException: Index was outside the bounds of the array.,SimpleController.FixedUpdate () (at <a8210e2c524f4006b7abbb82895ebd2e>:0).  
23.94,Exception,IndexOutOfRangeException: Index was outside the bounds of the array.,SimpleController.FixedUpdate () (at <a8210e2c524f4006b7abbb82895ebd2e>:0).  
23.96,Exception,IndexOutOfRangeException: Index was outside the bounds of the array.,SimpleController.FixedUpdate () (at <a8210e2c524f4006b7abbb82895ebd2e>:0).  
23.98,Exception,IndexOutOfRangeException: Index was outside the bounds of the array.,SimpleController.FixedUpdate () (at <a8210e2c524f4006b7abbb82895ebd2e>:0).  
24,Exception,IndexOutOfRangeException: Index was outside the bounds of the array.,SimpleController.FixedUpdate () (at <a8210e2c524f4006b7abbb82895ebd2e>:0).  
24.02,Exception,IndexOutOfRangeException: Index was outside the bounds of the array.,SimpleController.FixedUpdate () (at <a8210e2c524f4006b7abbb82895ebd2e>:0).  
24.04,Exception,IndexOutOfRangeException: Index was outside the bounds of the array.,SimpleController.FixedUpdate () (at <a8210e2c524f4006b7abbb82895ebd2e>:0).  
24.06,Exception,IndexOutOfRangeException: Index was outside the bounds of the array.,SimpleController.FixedUpdate () (at <a8210e2c524f4006b7abbb82895ebd2e>:0).  
24.08,Exception,IndexOutOfRangeException: Index was outside the bounds of the array.,SimpleController.FixedUpdate () (at <a8210e2c524f4006b7abbb82895ebd2e>:0).  
24.1,Exception,IndexOutOfRangeException: Index was outside the bounds of the array.,SimpleController.FixedUpdate () (at <a8210e2c524f4006b7abbb82895ebd2e>:0).  
24.12,Exception,IndexOutOfRangeException: Index was outside the bounds of the array.,SimpleController.FixedUpdate () (at <a8210e2c524f4006b7abbb82895ebd2e>:0).  
24.14,Exception,IndexOutOfRangeException: Index was outside the bounds of the array.,SimpleController.FixedUpdate () (at <a8210e2c524f4006b7abbb82895ebd2e>:0).  
24.16,Exception,IndexOutOfRangeException: Index was outside the bounds of the array.,SimpleController.FixedUpdate () (at <a8210e2c524f4006b7abbb82895ebd2e>:0).  
24.18,Exception,IndexOutOfRangeException: Index was outside the bounds of the array.,SimpleController.FixedUpdate () (at <a8210e2c524f4006b7abbb82895ebd2e>:0).  
24.2,Exception,IndexOutOfRangeException: Index was outside the bounds of the array.,SimpleController.FixedUpdate () (at <a8210e2c524f4006b7abbb82895ebd2e>:0).  
24.22,Exception,IndexOutOfRangeException: Index was outside the bounds of the array.,SimpleController.FixedUpdate () (at <a8210e2c524f4006b7abbb82895ebd2e>:0).  
24.24,Exception,IndexOutOfRangeException: Index was outside the bounds of the array.,SimpleController.FixedUpdate () (at <a8210e2c524f4006b7abbb82895ebd2e>:0).  
24.26,Exception,IndexOutOfRangeException: Index was outside the bounds of the array.,SimpleController.FixedUpdate () (at <a8210e2c524f4006b7abbb82895ebd2e>:0).  
24.28,Exception,IndexOutOfRangeException: Index was outside the bounds of the array.,SimpleController.FixedUpdate () (at <a8210e2c524f4006b7abbb82895ebd2e>:0).  
24.3,Exception,IndexOutOfRangeException: Index was outside the bounds of the array.,SimpleController.FixedUpdate () (at <a8210e2c524f4006b7abbb82895ebd2e>:0).  
24.32,Exception,IndexOutOfRangeException: Index was outside the bounds of the array.,SimpleController.FixedUpdate () (at <a8210e2c524f4006b7abbb82895ebd2e>:0).  
24.34,Exception,IndexOutOfRangeException: Index was outside the bounds of the array.,SimpleController.FixedUpdate () (at <a8210e2c524f4006b7abbb82895ebd2e>:0).  
24.36,Exception,IndexOutOfRangeException: Index was outside the bounds of the array.,SimpleController.FixedUpdate () (at <a8210e2c524f4006b7abbb82895ebd2e>:0).  
24.38,Exception,IndexOutOfRangeException: Index was outside the bounds of the array.,SimpleController.FixedUpdate () (at <a8210e2c524f4006b7abbb82895ebd2e>:0).  
24.4,Exception,IndexOutOfRangeException: Index was outside the bounds of the array.,SimpleController.FixedUpdate () (at <a8210e2c524f4006b7abbb82895ebd2e>:0).  
24.42,Exception,IndexOutOfRangeException: Index was outside the bounds of the array.,SimpleController.FixedUpdate () (at <a8210e2c524f4006b7abbb82895ebd2e>:0).  
24.44,Exception,IndexOutOfRangeException: Index was outside the bounds of the array.,SimpleController.FixedUpdate () (at <a8210e2c524f4006b7abbb82895ebd2e>:0).  
24.46,Exception,IndexOutOfRangeException: Index was outside the bounds of the array.,SimpleController.FixedUpdate () (at <a8210e2c524f4006b7abbb82895ebd2e>:0).  
24.48,Exception,IndexOutOfRangeException: Index was outside the bounds of the array.,SimpleController.FixedUpdate () (at <a8210e2c524f4006b7abbb82895ebd2e>:0).  
24.5,Exception,IndexOutOfRangeException: Index was outside the bounds of the array.,SimpleController.FixedUpdate () (at <a8210e2c524f4006b7abbb82895ebd2e>:0).  
24.52,Exception,IndexOutOfRangeException: Index was outside the bounds of the array.,SimpleController.FixedUpdate () (at <a8210e2c524f4006b7abbb82895ebd2e>:0).  
24.54,Exception,IndexOutOfRangeException: Index was outside the bounds of the array.,SimpleController.FixedUpdate () (at <a8210e2c524f4006b7abbb82895ebd2e>:0).  
24.56,Exception,IndexOutOfRangeException: Index was outside the bounds of the array.,SimpleController.FixedUpdate () (at <a8210e2c524f4006b7abbb82895ebd2e>:0).  
24.58,Exception,IndexOutOfRangeException: Index was outside the bounds of the array.,SimpleController.FixedUpdate () (at <a8210e2c524f4006b7abbb82895ebd2e>:0).  
24.6,Exception,IndexOutOfRangeException: Index was outside the bounds of the array.,SimpleController.FixedUpdate () (at <a8210e2c524f4006b7abbb82895ebd2e>:0).  
24.62,Exception,IndexOutOfRangeException: Index was outside the bounds of the array.,SimpleController.FixedUpdate () (at <a8210e2c524f4006b7abbb82895ebd2e>:0).  
24.64,Exception,IndexOutOfRangeException: Index was outside the bounds of the array.,SimpleController.FixedUpdate () (at <a8210e2c524f4006b7abbb82895ebd2e>:0).  
24.66,Exception,IndexOutOfRangeException: Index was outside the bounds of the array.,SimpleController.FixedUpdate () (at <a8210e2c524f4006b7abbb82895ebd2e>:0).  
24.68,Exception,IndexOutOfRangeException: Index was outside the bounds of the array.,SimpleController.FixedUpdate () (at <a8210e2c524f4006b7abbb82895ebd2e>:0).  
24.7,Exception,IndexOutOfRangeException: Index was outside the bounds of the array.,SimpleController.FixedUpdate () (at <a8210e2c524f4006b7abbb82895ebd2e>:0).  
24.72,Exception,IndexOutOfRangeException: Index was outside the bounds of the array.,SimpleController.FixedUpdate () (at <a8210e2c524f4006b7abbb82895ebd2e>:0).  
24.74,Exception,IndexOutOfRangeException: Index was outside the bounds of the array.,SimpleController.FixedUpdate () (at <a8210e2c524f4006b7abbb82895ebd2e>:0).  
24.76,Exception,IndexOutOfRangeException: Index was outside the bounds of the array.,SimpleController.FixedUpdate () (at <a8210e2c524f4006b7abbb82895ebd2e>:0).  
24.78,Exception,IndexOutOfRangeException: Index was outside the bounds of the array.,SimpleController.FixedUpdate () (at <a8210e2c524f4006b7abbb82895ebd2e>:0).  
24.8,Exception,IndexOutOfRangeException: Index was outside the bounds of the array.,SimpleController.FixedUpdate () (at <a8210e2c524f4006b7abbb82895ebd2e>:0).  
24.82,Exception,IndexOutOfRangeException: Index was outside the bounds of the array.,SimpleController.FixedUpdate () (at <a8210e2c524f4006b7abbb82895ebd2e>:0).  
24.84,Exception,IndexOutOfRangeException: Index was outside the bounds of the array.,SimpleController.FixedUpdate () (at <a8210e2c524f4006b7abbb82895ebd2e>:0).  
24.86,Exception,IndexOutOfRangeException: Index was outside the bounds of the array.,SimpleController.FixedUpdate () (at <a8210e2c524f4006b7abbb82895ebd2e>:0).  
24.88,Exception,IndexOutOfRangeException: Index was outside the bounds of the array.,SimpleController.FixedUpdate () (at <a8210e2c524f4006b7abbb82895ebd2e>:0).  
24.9,Exception,IndexOutOfRangeException: Index was outside the bounds of the array.,SimpleController.FixedUpdate () (at <a8210e2c524f4006b7abbb82895ebd2e>:0).  
24.92,Exception,IndexOutOfRangeException: Index was outside the bounds of the array.,SimpleController.FixedUpdate () (at <a8210e2c524f4006b7abbb82895ebd2e>:0).  
24.94,Exception,IndexOutOfRangeException: Index was outside the bounds of the array.,SimpleController.FixedUpdate () (at <a8210e2c524f4006b7abbb82895ebd2e>:0).  
24.96,Exception,IndexOutOfRangeException: Index was outside the bounds of the array.,SimpleController.FixedUpdate () (at <a8210e2c524f4006b7abbb82895ebd2e>:0).  
24.98,Exception,IndexOutOfRangeException: Index was outside the bounds of the array.,SimpleController.FixedUpdate () (at <a8210e2c524f4006b7abbb82895ebd2e>:0).  
25,Exception,IndexOutOfRangeException: Index was outside the bounds of the array.,SimpleController.FixedUpdate () (at <a8210e2c524f4006b7abbb82895ebd2e>:0).  
25.02,Exception,IndexOutOfRangeException: Index was outside the bounds of the array.,SimpleController.FixedUpdate () (at <a8210e2c524f4006b7abbb82895ebd2e>:0).  
25.04,Exception,IndexOutOfRangeException: Index was outside the bounds of the array.,SimpleController.FixedUpdate () (at <a8210e2c524f4006b7abbb82895ebd2e>:0).  
25.06,Exception,IndexOutOfRangeException: Index was outside the bounds of the array.,SimpleController.FixedUpdate () (at <a8210e2c524f4006b7abbb82895ebd2e>:0).  
25.08,Exception,IndexOutOfRangeException: Index was outside the bounds of the array.,SimpleController.FixedUpdate () (at <a8210e2c524f4006b7abbb82895ebd2e>:0).  
25.1,Exception,IndexOutOfRangeException: Index was outside the bounds of the array.,SimpleController.FixedUpdate () (at <a8210e2c524f4006b7abbb82895ebd2e>:0).  
25.12,Exception,IndexOutOfRangeException: Index was outside the bounds of the array.,SimpleController.FixedUpdate () (at <a8210e2c524f4006b7abbb82895ebd2e>:0).  
25.14,Exception,IndexOutOfRangeException: Index was outside the bounds of the array.,SimpleController.FixedUpdate () (at <a8210e2c524f4006b7abbb82895ebd2e>:0).  
25.16,Exception,IndexOutOfRangeException: Index was outside the bounds of the array.,SimpleController.FixedUpdate () (at <a8210e2c524f4006b7abbb82895ebd2e>:0).  
25.18,Exception,IndexOutOfRangeException: Index was outside the bounds of the array.,SimpleController.FixedUpdate () (at <a8210e2c524f4006b7abbb82895ebd2e>:0).  
25.2,Exception,IndexOutOfRangeException: Index was outside the bounds of the array.,SimpleController.FixedUpdate () (at <a8210e2c524f4006b7abbb82895ebd2e>:0).  
25.22,Exception,IndexOutOfRangeException: Index was outside the bounds of the array.,SimpleController.FixedUpdate () (at <a8210e2c524f4006b7abbb82895ebd2e>:0).  
25.24,Exception,IndexOutOfRangeException: Index was outside the bounds of the array.,SimpleController.FixedUpdate () (at <a8210e2c524f4006b7abbb82895ebd2e>:0).  
25.26,Exception,IndexOutOfRangeException: Index was outside the bounds of the array.,SimpleController.FixedUpdate () (at <a8210e2c524f4006b7abbb82895ebd2e>:0).  
25.28,Exception,IndexOutOfRangeException: Index was outside the bounds of the array.,SimpleController.FixedUpdate () (at <a8210e2c524f4006b7abbb82895ebd2e>:0).  
25.3,Exception,IndexOutOfRangeException: Index was outside the bounds of the array.,SimpleController.FixedUpdate () (at <a8210e2c524f4006b7abbb82895ebd2e>:0).  
25.32,Exception,IndexOutOfRangeException: Index was outside the bounds of the array.,SimpleController.FixedUpdate () (at <a8210e2c524f4006b7abbb82895ebd2e>:0).  
25.34,Exception,IndexOutOfRangeException: Index was outside the bounds of the array.,SimpleController.FixedUpdate () (at <a8210e2c524f4006b7abbb82895ebd2e>:0).  
25.36,Exception,IndexOutOfRangeException: Index was outside the bounds of the array.,SimpleController.FixedUpdate () (at <a8210e2c524f4006b7abbb82895ebd2e>:0).  
25.38,Exception,IndexOutOfRangeException: Index was outside the bounds of the array.,SimpleController.FixedUpdate () (at <a8210e2c524f4006b7abbb82895ebd2e>:0).  
25.4,Exception,IndexOutOfRangeException: Index was outside the bounds of the array.,SimpleController.FixedUpdate () (at <a8210e2c524f4006b7abbb82895ebd2e>:0).  
25.42,Exception,IndexOutOfRangeException: Index was outside the bounds of the array.,SimpleController.FixedUpdate () (at <a8210e2c524f4006b7abbb82895ebd2e>:0).  
25.44,Exception,IndexOutOfRangeException: Index was outside the bounds of the array.,SimpleController.FixedUpdate () (at <a8210e2c524f4006b7abbb82895ebd2e>:0).  
25.46,Exception,IndexOutOfRangeException: Index was outside the bounds of the array.,SimpleController.FixedUpdate () (at <a8210e2c524f4006b7abbb82895ebd2e>:0).  
25.48,Exception,IndexOutOfRangeException: Index was outside the bounds of the array.,SimpleController.FixedUpdate () (at <a8210e2c524f4006b7abbb82895ebd2e>:0).  
25.5,Exception,IndexOutOfRangeException: Index was outside the bounds of the array.,SimpleController.FixedUpdate () (at <a8210e2c524f4006b7abbb82895ebd2e>:0).  
25.52,Exception,IndexOutOfRangeException: Index was outside the bounds of the array.,SimpleController.FixedUpdate () (at <a8210e2c524f4006b7abbb82895ebd2e>:0).  
25.54,Exception,IndexOutOfRangeException: Index was outside the bounds of the array.,SimpleController.FixedUpdate () (at <a8210e2c524f4006b7abbb82895ebd2e>:0).  
25.56,Exception,IndexOutOfRangeException: Index was outside the bounds of the array.,SimpleController.FixedUpdate () (at <a8210e2c524f4006b7abbb82895ebd2e>:0).  
25.58,Exception,IndexOutOfRangeException: Index was outside the bounds of the array.,SimpleController.FixedUpdate () (at <a8210e2c524f4006b7abbb82895ebd2e>:0).  
25.6,Exception,IndexOutOfRangeException: Index was outside the bounds of the array.,SimpleController.FixedUpdate () (at <a8210e2c524f4006b7abbb82895ebd2e>:0).  
25.62,Exception,IndexOutOfRangeException: Index was outside the bounds of the array.,SimpleController.FixedUpdate () (at <a8210e2c524f4006b7abbb82895ebd2e>:0).  
25.64,Exception,IndexOutOfRangeException: Index was outside the bounds of the array.,SimpleController.FixedUpdate () (at <a8210e2c524f4006b7abbb82895ebd2e>:0).  
25.66,Exception,IndexOutOfRangeException: Index was outside the bounds of the array.,SimpleController.FixedUpdate () (at <a8210e2c524f4006b7abbb82895ebd2e>:0).  
25.68,Exception,IndexOutOfRangeException: Index was outside the bounds of the array.,SimpleController.FixedUpdate () (at <a8210e2c524f4006b7abbb82895ebd2e>:0).  
25.7,Exception,IndexOutOfRangeException: Index was outside the bounds of the array.,SimpleController.FixedUpdate () (at <a8210e2c524f4006b7abbb82895ebd2e>:0).  
25.72,Exception,IndexOutOfRangeException: Index was outside the bounds of the array.,SimpleController.FixedUpdate () (at <a8210e2c524f4006b7abbb82895ebd2e>:0).  
25.74,Exception,IndexOutOfRangeException: Index was outside the bounds of the array.,SimpleController.FixedUpdate () (at <a8210e2c524f4006b7abbb82895ebd2e>:0).  
25.76,Exception,IndexOutOfRangeException: Index was outside the bounds of the array.,SimpleController.FixedUpdate () (at <a8210e2c524f4006b7abbb82895ebd2e>:0).  
25.78,Exception,IndexOutOfRangeException: Index was outside the bounds of the array.,SimpleController.FixedUpdate () (at <a8210e2c524f4006b7abbb82895ebd2e>:0).  
25.8,Exception,IndexOutOfRangeException: Index was outside the bounds of the array.,SimpleController.FixedUpdate () (at <a8210e2c524f4006b7abbb82895ebd2e>:0).  
25.82,Exception,IndexOutOfRangeException: Index was outside the bounds of the array.,SimpleController.FixedUpdate () (at <a8210e2c524f4006b7abbb82895ebd2e>:0).  
25.84,Exception,IndexOutOfRangeException: Index was outside the bounds of the array.,SimpleController.FixedUpdate () (at <a8210e2c524f4006b7abbb82895ebd2e>:0).  
25.86,Exception,IndexOutOfRangeException: Index was outside the bounds of the array.,SimpleController.FixedUpdate () (at <a8210e2c524f4006b7abbb82895ebd2e>:0).  
25.88,Exception,IndexOutOfRangeException: Index was outside the bounds of the array.,SimpleController.FixedUpdate () (at <a8210e2c524f4006b7abbb82895ebd2e>:0).  
25.9,Exception,IndexOutOfRangeException: Index was outside the bounds of the array.,SimpleController.FixedUpdate () (at <a8210e2c524f4006b7abbb82895ebd2e>:0).  
25.92,Exception,IndexOutOfRangeException: Index was outside the bounds of the array.,SimpleController.FixedUpdate () (at <a8210e2c524f4006b7abbb82895ebd2e>:0).  
25.94,Exception,IndexOutOfRangeException: Index was outside the bounds of the array.,SimpleController.FixedUpdate () (at <a8210e2c524f4006b7abbb82895ebd2e>:0).  
25.96,Exception,IndexOutOfRangeException: Index was outside the bounds of the array.,SimpleController.FixedUpdate () (at <a8210e2c524f4006b7abbb82895ebd2e>:0).  
25.98,Exception,IndexOutOfRangeException: Index was outside the bounds of the array.,SimpleController.FixedUpdate () (at <a8210e2c524f4006b7abbb82895ebd2e>:0).  
26,Exception,IndexOutOfRangeException: Index was outside the bounds of the array.,SimpleController.FixedUpdate () (at <a8210e2c524f4006b7abbb82895ebd2e>:0).  
26.02,Exception,IndexOutOfRangeException: Index was outside the bounds of the array.,SimpleController.FixedUpdate () (at <a8210e2c524f4006b7abbb82895ebd2e>:0).  
26.04,Exception,IndexOutOfRangeException: Index was outside the bounds of the array.,SimpleController.FixedUpdate () (at <a8210e2c524f4006b7abbb82895ebd2e>:0).  
26.06,Exception,IndexOutOfRangeException: Index was outside the bounds of the array.,SimpleController.FixedUpdate () (at <a8210e2c524f4006b7abbb82895ebd2e>:0).  
26.08,Exception,IndexOutOfRangeException: Index was outside the bounds of the array.,SimpleController.FixedUpdate () (at <a8210e2c524f4006b7abbb82895ebd2e>:0).  
26.1,Exception,IndexOutOfRangeException: Index was outside the bounds of the array.,SimpleController.FixedUpdate () (at <a8210e2c524f4006b7abbb82895ebd2e>:0).  
26.12,Exception,IndexOutOfRangeException: Index was outside the bounds of the array.,SimpleController.FixedUpdate () (at <a8210e2c524f4006b7abbb82895ebd2e>:0).  
26.14,Exception,IndexOutOfRangeException: Index was outside the bounds of the array.,SimpleController.FixedUpdate () (at <a8210e2c524f4006b7abbb82895ebd2e>:0).  
26.16,Exception,IndexOutOfRangeException: Index was outside the bounds of the array.,SimpleController.FixedUpdate () (at <a8210e2c524f4006b7abbb82895ebd2e>:0).  
26.18,Exception,IndexOutOfRangeException: Index was outside the bounds of the array.,SimpleController.FixedUpdate () (at <a8210e2c524f4006b7abbb82895ebd2e>:0).  
26.2,Exception,IndexOutOfRangeException: Index was outside the bounds of the array.,SimpleController.FixedUpdate () (at <a8210e2c524f4006b7abbb82895ebd2e>:0).  
26.22,Exception,IndexOutOfRangeException: Index was outside the bounds of the array.,SimpleController.FixedUpdate () (at <a8210e2c524f4006b7abbb82895ebd2e>:0).  
26.24,Exception,IndexOutOfRangeException: Index was outside the bounds of the array.,SimpleController.FixedUpdate () (at <a8210e2c524f4006b7abbb82895ebd2e>:0).  
26.26,Exception,IndexOutOfRangeException: Index was outside the bounds of the array.,SimpleController.FixedUpdate () (at <a8210e2c524f4006b7abbb82895ebd2e>:0).  
26.28,Exception,IndexOutOfRangeException: Index was outside the bounds of the array.,SimpleController.FixedUpdate () (at <a8210e2c524f4006b7abbb82895ebd2e>:0).  
26.3,Exception,IndexOutOfRangeException: Index was outside the bounds of the array.,SimpleController.FixedUpdate () (at <a8210e2c524f4006b7abbb82895ebd2e>:0).  
26.32,Exception,IndexOutOfRangeException: Index was outside the bounds of the array.,SimpleController.FixedUpdate () (at <a8210e2c524f4006b7abbb82895ebd2e>:0).  
26.34,Exception,IndexOutOfRangeException: Index was outside the bounds of the array.,SimpleController.FixedUpdate () (at <a8210e2c524f4006b7abbb82895ebd2e>:0).  
26.36,Exception,IndexOutOfRangeException: Index was outside the bounds of the array.,SimpleController.FixedUpdate () (at <a8210e2c524f4006b7abbb82895ebd2e>:0).  
26.38,Exception,IndexOutOfRangeException: Index was outside the bounds of the array.,SimpleController.FixedUpdate () (at <a8210e2c524f4006b7abbb82895ebd2e>:0).  
26.4,Exception,IndexOutOfRangeException: Index was outside the bounds of the array.,SimpleController.FixedUpdate () (at <a8210e2c524f4006b7abbb82895ebd2e>:0).  
26.42,Exception,IndexOutOfRangeException: Index was outside the bounds of the array.,SimpleController.FixedUpdate () (at <a8210e2c524f4006b7abbb82895ebd2e>:0).  
26.44,Exception,IndexOutOfRangeException: Index was outside the bounds of the array.,SimpleController.FixedUpdate () (at <a8210e2c524f4006b7abbb82895ebd2e>:0).  
26.46,Exception,IndexOutOfRangeException: Index was outside the bounds of the array.,SimpleController.FixedUpdate () (at <a8210e2c524f4006b7abbb82895ebd2e>:0).  
26.48,Exception,IndexOutOfRangeException: Index was outside the bounds of the array.,SimpleController.FixedUpdate () (at <a8210e2c524f4006b7abbb82895ebd2e>:0).  
26.5,Exception,IndexOutOfRangeException: Index was outside the bounds of the array.,SimpleController.FixedUpdate () (at <a8210e2c524f4006b7abbb82895ebd2e>:0).  
26.52,Exception,IndexOutOfRangeException: Index was outside the bounds of the array.,SimpleController.FixedUpdate () (at <a8210e2c524f4006b7abbb82895ebd2e>:0).  
26.54,Exception,IndexOutOfRangeException: Index was outside the bounds of the array.,SimpleController.FixedUpdate () (at <a8210e2c524f4006b7abbb82895ebd2e>:0).  
26.56,Exception,IndexOutOfRangeException: Index was outside the bounds of the array.,SimpleController.FixedUpdate () (at <a8210e2c524f4006b7abbb82895ebd2e>:0).  
26.58,Exception,IndexOutOfRangeException: Index was outside the bounds of the array.,SimpleController.FixedUpdate () (at <a8210e2c524f4006b7abbb82895ebd2e>:0).  
26.6,Exception,IndexOutOfRangeException: Index was outside the bounds of the array.,SimpleController.FixedUpdate () (at <a8210e2c524f4006b7abbb82895ebd2e>:0).  
26.62,Exception,IndexOutOfRangeException: Index was outside the bounds of the array.,SimpleController.FixedUpdate () (at <a8210e2c524f4006b7abbb82895ebd2e>:0).  
26.64,Exception,IndexOutOfRangeException: Index was outside the bounds of the array.,SimpleController.FixedUpdate () (at <a8210e2c524f4006b7abbb82895ebd2e>:0).  
26.66,Exception,IndexOutOfRangeException: Index was outside the bounds of the array.,SimpleController.FixedUpdate () (at <a8210e2c524f4006b7abbb82895ebd2e>:0).  
26.68,Exception,IndexOutOfRangeException: Index was outside the bounds of the array.,SimpleController.FixedUpdate () (at <a8210e2c524f4006b7abbb82895ebd2e>:0).  
26.7,Exception,IndexOutOfRangeException: Index was outside the bounds of the array.,SimpleController.FixedUpdate () (at <a8210e2c524f4006b7abbb82895ebd2e>:0).  
26.72,Exception,IndexOutOfRangeException: Index was outside the bounds of the array.,SimpleController.FixedUpdate () (at <a8210e2c524f4006b7abbb82895ebd2e>:0).  
26.74,Exception,IndexOutOfRangeException: Index was outside the bounds of the array.,SimpleController.FixedUpdate () (at <a8210e2c524f4006b7abbb82895ebd2e>:0).  
26.76,Exception,IndexOutOfRangeException: Index was outside the bounds of the array.,SimpleController.FixedUpdate () (at <a8210e2c524f4006b7abbb82895ebd2e>:0).  
26.78,Exception,IndexOutOfRangeException: Index was outside the bounds of the array.,SimpleController.FixedUpdate () (at <a8210e2c524f4006b7abbb82895ebd2e>:0).  
26.8,Exception,IndexOutOfRangeException: Index was outside the bounds of the array.,SimpleController.FixedUpdate () (at <a8210e2c524f4006b7abbb82895ebd2e>:0).  
26.82,Exception,IndexOutOfRangeException: Index was outside the bounds of the array.,SimpleController.FixedUpdate () (at <a8210e2c524f4006b7abbb82895ebd2e>:0).  
26.84,Exception,IndexOutOfRangeException: Index was outside the bounds of the array.,SimpleController.FixedUpdate () (at <a8210e2c524f4006b7abbb82895ebd2e>:0).  
26.86,Exception,IndexOutOfRangeException: Index was outside the bounds of the array.,SimpleController.FixedUpdate () (at <a8210e2c524f4006b7abbb82895ebd2e>:0).  
26.88,Exception,IndexOutOfRangeException: Index was outside the bounds of the array.,SimpleController.FixedUpdate () (at <a8210e2c524f4006b7abbb82895ebd2e>:0).  
26.9,Exception,IndexOutOfRangeException: Index was outside the bounds of the array.,SimpleController.FixedUpdate () (at <a8210e2c524f4006b7abbb82895ebd2e>:0).  
26.92,Exception,IndexOutOfRangeException: Index was outside the bounds of the array.,SimpleController.FixedUpdate () (at <a8210e2c524f4006b7abbb82895ebd2e>:0).  
26.94,Exception,IndexOutOfRangeException: Index was outside the bounds of the array.,SimpleController.FixedUpdate () (at <a8210e2c524f4006b7abbb82895ebd2e>:0).  
26.96,Exception,IndexOutOfRangeException: Index was outside the bounds of the array.,SimpleController.FixedUpdate () (at <a8210e2c524f4006b7abbb82895ebd2e>:0).  
26.98,Exception,IndexOutOfRangeException: Index was outside the bounds of the array.,SimpleController.FixedUpdate () (at <a8210e2c524f4006b7abbb82895ebd2e>:0).  
27,Exception,IndexOutOfRangeException: Index was outside the bounds of the array.,SimpleController.FixedUpdate () (at <a8210e2c524f4006b7abbb82895ebd2e>:0).  
27.02,Exception,IndexOutOfRangeException: Index was outside the bounds of the array.,SimpleController.FixedUpdate () (at <a8210e2c524f4006b7abbb82895ebd2e>:0).  
27.04,Exception,IndexOutOfRangeException: Index was outside the bounds of the array.,SimpleController.FixedUpdate () (at <a8210e2c524f4006b7abbb82895ebd2e>:0).  
27.06,Exception,IndexOutOfRangeException: Index was outside the bounds of the array.,SimpleController.FixedUpdate () (at <a8210e2c524f4006b7abbb82895ebd2e>:0).  
27.08,Exception,IndexOutOfRangeException: Index was outside the bounds of the array.,SimpleController.FixedUpdate () (at <a8210e2c524f4006b7abbb82895ebd2e>:0).  
27.1,Exception,IndexOutOfRangeException: Index was outside the bounds of the array.,SimpleController.FixedUpdate () (at <a8210e2c524f4006b7abbb82895ebd2e>:0).  
27.12,Exception,IndexOutOfRangeException: Index was outside the bounds of the array.,SimpleController.FixedUpdate () (at <a8210e2c524f4006b7abbb82895ebd2e>:0).  
27.14,Exception,IndexOutOfRangeException: Index was outside the bounds of the array.,SimpleController.FixedUpdate () (at <a8210e2c524f4006b7abbb82895ebd2e>:0).  
27.16,Exception,IndexOutOfRangeException: Index was outside the bounds of the array.,SimpleController.FixedUpdate () (at <a8210e2c524f4006b7abbb82895ebd2e>:0).  
27.18,Exception,IndexOutOfRangeException: Index was outside the bounds of the array.,SimpleController.FixedUpdate () (at <a8210e2c524f4006b7abbb82895ebd2e>:0).  
27.2,Exception,IndexOutOfRangeException: Index was outside the bounds of the array.,SimpleController.FixedUpdate () (at <a8210e2c524f4006b7abbb82895ebd2e>:0).  
27.22,Exception,IndexOutOfRangeException: Index was outside the bounds of the array.,SimpleController.FixedUpdate () (at <a8210e2c524f4006b7abbb82895ebd2e>:0).  
27.24,Exception,IndexOutOfRangeException: Index was outside the bounds of the array.,SimpleController.FixedUpdate () (at <a8210e2c524f4006b7abbb82895ebd2e>:0).  
27.26,Exception,IndexOutOfRangeException: Index was outside the bounds of the array.,SimpleController.FixedUpdate () (at <a8210e2c524f4006b7abbb82895ebd2e>:0).  
27.28,Exception,IndexOutOfRangeException: Index was outside the bounds of the array.,SimpleController.FixedUpdate () (at <a8210e2c524f4006b7abbb82895ebd2e>:0).  
27.3,Exception,IndexOutOfRangeException: Index was outside the bounds of the array.,SimpleController.FixedUpdate () (at <a8210e2c524f4006b7abbb82895ebd2e>:0).  
27.32,Exception,IndexOutOfRangeException: Index was outside the bounds of the array.,SimpleController.FixedUpdate () (at <a8210e2c524f4006b7abbb82895ebd2e>:0).  
27.34,Exception,IndexOutOfRangeException: Index was outside the bounds of the array.,SimpleController.FixedUpdate () (at <a8210e2c524f4006b7abbb82895ebd2e>:0).  
27.36,Exception,IndexOutOfRangeException: Index was outside the bounds of the array.,SimpleController.FixedUpdate () (at <a8210e2c524f4006b7abbb82895ebd2e>:0).  
27.38,Exception,IndexOutOfRangeException: Index was outside the bounds of the array.,SimpleController.FixedUpdate () (at <a8210e2c524f4006b7abbb82895ebd2e>:0).  
27.4,Exception,IndexOutOfRangeException: Index was outside the bounds of the array.,SimpleController.FixedUpdate () (at <a8210e2c524f4006b7abbb82895ebd2e>:0).  
27.42,Exception,IndexOutOfRangeException: Index was outside the bounds of the array.,SimpleController.FixedUpdate () (at <a8210e2c524f4006b7abbb82895ebd2e>:0).  
27.44,Exception,IndexOutOfRangeException: Index was outside the bounds of the array.,SimpleController.FixedUpdate () (at <a8210e2c524f4006b7abbb82895ebd2e>:0).  
27.46,Exception,IndexOutOfRangeException: Index was outside the bounds of the array.,SimpleController.FixedUpdate () (at <a8210e2c524f4006b7abbb82895ebd2e>:0).  
27.48,Exception,IndexOutOfRangeException: Index was outside the bounds of the array.,SimpleController.FixedUpdate () (at <a8210e2c524f4006b7abbb82895ebd2e>:0).  
27.5,Exception,IndexOutOfRangeException: Index was outside the bounds of the array.,SimpleController.FixedUpdate () (at <a8210e2c524f4006b7abbb82895ebd2e>:0).  
27.52,Exception,IndexOutOfRangeException: Index was outside the bounds of the array.,SimpleController.FixedUpdate () (at <a8210e2c524f4006b7abbb82895ebd2e>:0).  
27.54,Exception,IndexOutOfRangeException: Index was outside the bounds of the array.,SimpleController.FixedUpdate () (at <a8210e2c524f4006b7abbb82895ebd2e>:0).  
27.56,Exception,IndexOutOfRangeException: Index was outside the bounds of the array.,SimpleController.FixedUpdate () (at <a8210e2c524f4006b7abbb82895ebd2e>:0).  
27.58,Exception,IndexOutOfRangeException: Index was outside the bounds of the array.,SimpleController.FixedUpdate () (at <a8210e2c524f4006b7abbb82895ebd2e>:0).  
27.6,Exception,IndexOutOfRangeException: Index was outside the bounds of the array.,SimpleController.FixedUpdate () (at <a8210e2c524f4006b7abbb82895ebd2e>:0).  
27.62,Exception,IndexOutOfRangeException: Index was outside the bounds of the array.,SimpleController.FixedUpdate () (at <a8210e2c524f4006b7abbb82895ebd2e>:0).  
27.64,Exception,IndexOutOfRangeException: Index was outside the bounds of the array.,SimpleController.FixedUpdate () (at <a8210e2c524f4006b7abbb82895ebd2e>:0).  
27.66,Exception,IndexOutOfRangeException: Index was outside the bounds of the array.,SimpleController.FixedUpdate () (at <a8210e2c524f4006b7abbb82895ebd2e>:0).  
27.68,Exception,IndexOutOfRangeException: Index was outside the bounds of the array.,SimpleController.FixedUpdate () (at <a8210e2c524f4006b7abbb82895ebd2e>:0).  
27.7,Exception,IndexOutOfRangeException: Index was outside the bounds of the array.,SimpleController.FixedUpdate () (at <a8210e2c524f4006b7abbb82895ebd2e>:0).  
27.72,Exception,IndexOutOfRangeException: Index was outside the bounds of the array.,SimpleController.FixedUpdate () (at <a8210e2c524f4006b7abbb82895ebd2e>:0).  
27.74,Exception,IndexOutOfRangeException: Index was outside the bounds of the array.,SimpleController.FixedUpdate () (at <a8210e2c524f4006b7abbb82895ebd2e>:0).  
27.76,Exception,IndexOutOfRangeException: Index was outside the bounds of the array.,SimpleController.FixedUpdate () (at <a8210e2c524f4006b7abbb82895ebd2e>:0).  
27.78,Exception,IndexOutOfRangeException: Index was outside the bounds of the array.,SimpleController.FixedUpdate () (at <a8210e2c524f4006b7abbb82895ebd2e>:0).  
27.8,Exception,IndexOutOfRangeException: Index was outside the bounds of the array.,SimpleController.FixedUpdate () (at <a8210e2c524f4006b7abbb82895ebd2e>:0).  
27.82,Exception,IndexOutOfRangeException: Index was outside the bounds of the array.,SimpleController.FixedUpdate () (at <a8210e2c524f4006b7abbb82895ebd2e>:0).  
27.84,Exception,IndexOutOfRangeException: Index was outside the bounds of the array.,SimpleController.FixedUpdate () (at <a8210e2c524f4006b7abbb82895ebd2e>:0).  
27.86,Exception,IndexOutOfRangeException: Index was outside the bounds of the array.,SimpleController.FixedUpdate () (at <a8210e2c524f4006b7abbb82895ebd2e>:0).  
27.88,Exception,IndexOutOfRangeException: Index was outside the bounds of the array.,SimpleController.FixedUpdate () (at <a8210e2c524f4006b7abbb82895ebd2e>:0).  
27.9,Exception,IndexOutOfRangeException: Index was outside the bounds of the array.,SimpleController.FixedUpdate () (at <a8210e2c524f4006b7abbb82895ebd2e>:0).  
27.92,Exception,IndexOutOfRangeException: Index was outside the bounds of the array.,SimpleController.FixedUpdate () (at <a8210e2c524f4006b7abbb82895ebd2e>:0).  
27.94,Exception,IndexOutOfRangeException: Index was outside the bounds of the array.,SimpleController.FixedUpdate () (at <a8210e2c524f4006b7abbb82895ebd2e>:0).  
27.96,Exception,IndexOutOfRangeException: Index was outside the bounds of the array.,SimpleController.FixedUpdate () (at <a8210e2c524f4006b7abbb82895ebd2e>:0).  
27.98,Exception,IndexOutOfRangeException: Index was outside the bounds of the array.,SimpleController.FixedUpdate () (at <a8210e2c524f4006b7abbb82895ebd2e>:0).  
28,Exception,IndexOutOfRangeException: Index was outside the bounds of the array.,SimpleController.FixedUpdate () (at <a8210e2c524f4006b7abbb82895ebd2e>:0).  
28.02,Exception,IndexOutOfRangeException: Index was outside the bounds of the array.,SimpleController.FixedUpdate () (at <a8210e2c524f4006b7abbb82895ebd2e>:0).  
28.04,Exception,IndexOutOfRangeException: Index was outside the bounds of the array.,SimpleController.FixedUpdate () (at <a8210e2c524f4006b7abbb82895ebd2e>:0).  
28.06,Exception,IndexOutOfRangeException: Index was outside the bounds of the array.,SimpleController.FixedUpdate () (at <a8210e2c524f4006b7abbb82895ebd2e>:0).  
28.08,Exception,IndexOutOfRangeException: Index was outside the bounds of the array.,SimpleController.FixedUpdate () (at <a8210e2c524f4006b7abbb82895ebd2e>:0).  
28.1,Exception,IndexOutOfRangeException: Index was outside the bounds of the array.,SimpleController.FixedUpdate () (at <a8210e2c524f4006b7abbb82895ebd2e>:0).  
28.12,Exception,IndexOutOfRangeException: Index was outside the bounds of the array.,SimpleController.FixedUpdate () (at <a8210e2c524f4006b7abbb82895ebd2e>:0).  
28.14,Exception,IndexOutOfRangeException: Index was outside the bounds of the array.,SimpleController.FixedUpdate () (at <a8210e2c524f4006b7abbb82895ebd2e>:0).  
28.16,Exception,IndexOutOfRangeException: Index was outside the bounds of the array.,SimpleController.FixedUpdate () (at <a8210e2c524f4006b7abbb82895ebd2e>:0).  
28.18,Exception,IndexOutOfRangeException: Index was outside the bounds of the array.,SimpleController.FixedUpdate () (at <a8210e2c524f4006b7abbb82895ebd2e>:0).  
28.2,Exception,IndexOutOfRangeException: Index was outside the bounds of the array.,SimpleController.FixedUpdate () (at <a8210e2c524f4006b7abbb82895ebd2e>:0).  
28.22,Exception,IndexOutOfRangeException: Index was outside the bounds of the array.,SimpleController.FixedUpdate () (at <a8210e2c524f4006b7abbb82895ebd2e>:0).  
28.24,Exception,IndexOutOfRangeException: Index was outside the bounds of the array.,SimpleController.FixedUpdate () (at <a8210e2c524f4006b7abbb82895ebd2e>:0).  
28.26,Exception,IndexOutOfRangeException: Index was outside the bounds of the array.,SimpleController.FixedUpdate () (at <a8210e2c524f4006b7abbb82895ebd2e>:0).  
28.28,Exception,IndexOutOfRangeException: Index was outside the bounds of the array.,SimpleController.FixedUpdate () (at <a8210e2c524f4006b7abbb82895ebd2e>:0).  
28.3,Exception,IndexOutOfRangeException: Index was outside the bounds of the array.,SimpleController.FixedUpdate () (at <a8210e2c524f4006b7abbb82895ebd2e>:0).  
28.32,Exception,IndexOutOfRangeException: Index was outside the bounds of the array.,SimpleController.FixedUpdate () (at <a8210e2c524f4006b7abbb82895ebd2e>:0).  
28.34,Exception,IndexOutOfRangeException: Index was outside the bounds of the array.,SimpleController.FixedUpdate () (at <a8210e2c524f4006b7abbb82895ebd2e>:0).  
28.36,Exception,IndexOutOfRangeException: Index was outside the bounds of the array.,SimpleController.FixedUpdate () (at <a8210e2c524f4006b7abbb82895ebd2e>:0).  
28.38,Exception,IndexOutOfRangeException: Index was outside the bounds of the array.,SimpleController.FixedUpdate () (at <a8210e2c524f4006b7abbb82895ebd2e>:0).  
28.4,Exception,IndexOutOfRangeException: Index was outside the bounds of the array.,SimpleController.FixedUpdate () (at <a8210e2c524f4006b7abbb82895ebd2e>:0).  
28.42,Exception,IndexOutOfRangeException: Index was outside the bounds of the array.,SimpleController.FixedUpdate () (at <a8210e2c524f4006b7abbb82895ebd2e>:0).  
28.44,Exception,IndexOutOfRangeException: Index was outside the bounds of the array.,SimpleController.FixedUpdate () (at <a8210e2c524f4006b7abbb82895ebd2e>:0).  
28.46,Exception,IndexOutOfRangeException: Index was outside the bounds of the array.,SimpleController.FixedUpdate () (at <a8210e2c524f4006b7abbb82895ebd2e>:0).  
28.48,Exception,IndexOutOfRangeException: Index was outside the bounds of the array.,SimpleController.FixedUpdate () (at <a8210e2c524f4006b7abbb82895ebd2e>:0).  
28.5,Exception,IndexOutOfRangeException: Index was outside the bounds of the array.,SimpleController.FixedUpdate () (at <a8210e2c524f4006b7abbb82895ebd2e>:0).  
28.52,Exception,IndexOutOfRangeException: Index was outside the bounds of the array.,SimpleController.FixedUpdate () (at <a8210e2c524f4006b7abbb82895ebd2e>:0).  
28.54,Exception,IndexOutOfRangeException: Index was outside the bounds of the array.,SimpleController.FixedUpdate () (at <a8210e2c524f4006b7abbb82895ebd2e>:0).  
28.56,Exception,IndexOutOfRangeException: Index was outside the bounds of the array.,SimpleController.FixedUpdate () (at <a8210e2c524f4006b7abbb82895ebd2e>:0).  
28.58,Exception,IndexOutOfRangeException: Index was outside the bounds of the array.,SimpleController.FixedUpdate () (at <a8210e2c524f4006b7abbb82895ebd2e>:0).  
28.6,Exception,IndexOutOfRangeException: Index was outside the bounds of the array.,SimpleController.FixedUpdate () (at <a8210e2c524f4006b7abbb82895ebd2e>:0).  
28.62,Exception,IndexOutOfRangeException: Index was outside the bounds of the array.,SimpleController.FixedUpdate () (at <a8210e2c524f4006b7abbb82895ebd2e>:0).  
28.64,Exception,IndexOutOfRangeException: Index was outside the bounds of the array.,SimpleController.FixedUpdate () (at <a8210e2c524f4006b7abbb82895ebd2e>:0).  
28.66,Exception,IndexOutOfRangeException: Index was outside the bounds of the array.,SimpleController.FixedUpdate () (at <a8210e2c524f4006b7abbb82895ebd2e>:0).  
28.68,Exception,IndexOutOfRangeException: Index was outside the bounds of the array.,SimpleController.FixedUpdate () (at <a8210e2c524f4006b7abbb82895ebd2e>:0).  
28.7,Exception,IndexOutOfRangeException: Index was outside the bounds of the array.,SimpleController.FixedUpdate () (at <a8210e2c524f4006b7abbb82895ebd2e>:0).  
28.72,Exception,IndexOutOfRangeException: Index was outside the bounds of the array.,SimpleController.FixedUpdate () (at <a8210e2c524f4006b7abbb82895ebd2e>:0).  
28.74,Exception,IndexOutOfRangeException: Index was outside the bounds of the array.,SimpleController.FixedUpdate () (at <a8210e2c524f4006b7abbb82895ebd2e>:0).  
28.76,Exception,IndexOutOfRangeException: Index was outside the bounds of the array.,SimpleController.FixedUpdate () (at <a8210e2c524f4006b7abbb82895ebd2e>:0).  
28.78,Exception,IndexOutOfRangeException: Index was outside the bounds of the array.,SimpleController.FixedUpdate () (at <a8210e2c524f4006b7abbb82895ebd2e>:0).  
28.8,Exception,IndexOutOfRangeException: Index was outside the bounds of the array.,SimpleController.FixedUpdate () (at <a8210e2c524f4006b7abbb82895ebd2e>:0).  
28.82,Exception,IndexOutOfRangeException: Index was outside the bounds of the array.,SimpleController.FixedUpdate () (at <a8210e2c524f4006b7abbb82895ebd2e>:0).  
28.84,Exception,IndexOutOfRangeException: Index was outside the bounds of the array.,SimpleController.FixedUpdate () (at <a8210e2c524f4006b7abbb82895ebd2e>:0).  
28.86,Exception,IndexOutOfRangeException: Index was outside the bounds of the array.,SimpleController.FixedUpdate () (at <a8210e2c524f4006b7abbb82895ebd2e>:0).  
28.88,Exception,IndexOutOfRangeException: Index was outside the bounds of the array.,SimpleController.FixedUpdate () (at <a8210e2c524f4006b7abbb82895ebd2e>:0).  
28.9,Exception,IndexOutOfRangeException: Index was outside the bounds of the array.,SimpleController.FixedUpdate () (at <a8210e2c524f4006b7abbb82895ebd2e>:0).  
28.92,Exception,IndexOutOfRangeException: Index was outside the bounds of the array.,SimpleController.FixedUpdate () (at <a8210e2c524f4006b7abbb82895ebd2e>:0).  
28.94,Exception,IndexOutOfRangeException: Index was outside the bounds of the array.,SimpleController.FixedUpdate () (at <a8210e2c524f4006b7abbb82895ebd2e>:0).  
28.96,Exception,IndexOutOfRangeException: Index was outside the bounds of the array.,SimpleController.FixedUpdate () (at <a8210e2c524f4006b7abbb82895ebd2e>:0).  
28.98,Exception,IndexOutOfRangeException: Index was outside the bounds of the array.,SimpleController.FixedUpdate () (at <a8210e2c524f4006b7abbb82895ebd2e>:0).  
29,Exception,IndexOutOfRangeException: Index was outside the bounds of the array.,SimpleController.FixedUpdate () (at <a8210e2c524f4006b7abbb82895ebd2e>:0).  
29.02,Exception,IndexOutOfRangeException: Index was outside the bounds of the array.,SimpleController.FixedUpdate () (at <a8210e2c524f4006b7abbb82895ebd2e>:0).  
29.04,Exception,IndexOutOfRangeException: Index was outside the bounds of the array.,SimpleController.FixedUpdate () (at <a8210e2c524f4006b7abbb82895ebd2e>:0).  
29.06,Exception,IndexOutOfRangeException: Index was outside the bounds of the array.,SimpleController.FixedUpdate () (at <a8210e2c524f4006b7abbb82895ebd2e>:0).  
29.08,Exception,IndexOutOfRangeException: Index was outside the bounds of the array.,SimpleController.FixedUpdate () (at <a8210e2c524f4006b7abbb82895ebd2e>:0).  
29.1,Exception,IndexOutOfRangeException: Index was outside the bounds of the array.,SimpleController.FixedUpdate () (at <a8210e2c524f4006b7abbb82895ebd2e>:0).  
29.12,Exception,IndexOutOfRangeException: Index was outside the bounds of the array.,SimpleController.FixedUpdate () (at <a8210e2c524f4006b7abbb82895ebd2e>:0).  
29.14,Exception,IndexOutOfRangeException: Index was outside the bounds of the array.,SimpleController.FixedUpdate () (at <a8210e2c524f4006b7abbb82895ebd2e>:0).  
29.16,Exception,IndexOutOfRangeException: Index was outside the bounds of the array.,SimpleController.FixedUpdate () (at <a8210e2c524f4006b7abbb82895ebd2e>:0).  
29.18,Exception,IndexOutOfRangeException: Index was outside the bounds of the array.,SimpleController.FixedUpdate () (at <a8210e2c524f4006b7abbb82895ebd2e>:0).  
29.2,Exception,IndexOutOfRangeException: Index was outside the bounds of the array.,SimpleController.FixedUpdate () (at <a8210e2c524f4006b7abbb82895ebd2e>:0).  
29.22,Exception,IndexOutOfRangeException: Index was outside the bounds of the array.,SimpleController.FixedUpdate () (at <a8210e2c524f4006b7abbb82895ebd2e>:0).  
29.24,Exception,IndexOutOfRangeException: Index was outside the bounds of the array.,SimpleController.FixedUpdate () (at <a8210e2c524f4006b7abbb82895ebd2e>:0).  
29.26,Exception,IndexOutOfRangeException: Index was outside the bounds of the array.,SimpleController.FixedUpdate () (at <a8210e2c524f4006b7abbb82895ebd2e>:0).  
29.28,Exception,IndexOutOfRangeException: Index was outside the bounds of the array.,SimpleController.FixedUpdate () (at <a8210e2c524f4006b7abbb82895ebd2e>:0).  
29.3,Exception,IndexOutOfRangeException: Index was outside the bounds of the array.,SimpleController.FixedUpdate () (at <a8210e2c524f4006b7abbb82895ebd2e>:0).  
29.32,Exception,IndexOutOfRangeException: Index was outside the bounds of the array.,SimpleController.FixedUpdate () (at <a8210e2c524f4006b7abbb82895ebd2e>:0).  
29.34,Exception,IndexOutOfRangeException: Index was outside the bounds of the array.,SimpleController.FixedUpdate () (at <a8210e2c524f4006b7abbb82895ebd2e>:0).  
29.36,Exception,IndexOutOfRangeException: Index was outside the bounds of the array.,SimpleController.FixedUpdate () (at <a8210e2c524f4006b7abbb82895ebd2e>:0).  
29.38,Exception,IndexOutOfRangeException: Index was outside the bounds of the array.,SimpleController.FixedUpdate () (at <a8210e2c524f4006b7abbb82895ebd2e>:0).  
29.4,Exception,IndexOutOfRangeException: Index was outside the bounds of the array.,SimpleController.FixedUpdate () (at <a8210e2c524f4006b7abbb82895ebd2e>:0).  
29.42,Exception,IndexOutOfRangeException: Index was outside the bounds of the array.,SimpleController.FixedUpdate () (at <a8210e2c524f4006b7abbb82895ebd2e>:0).  
29.44,Exception,IndexOutOfRangeException: Index was outside the bounds of the array.,SimpleController.FixedUpdate () (at <a8210e2c524f4006b7abbb82895ebd2e>:0).  
29.46,Exception,IndexOutOfRangeException: Index was outside the bounds of the array.,SimpleController.FixedUpdate () (at <a8210e2c524f4006b7abbb82895ebd2e>:0).  
29.48,Exception,IndexOutOfRangeException: Index was outside the bounds of the array.,SimpleController.FixedUpdate () (at <a8210e2c524f4006b7abbb82895ebd2e>:0).  
29.5,Exception,IndexOutOfRangeException: Index was outside the bounds of the array.,SimpleController.FixedUpdate () (at <a8210e2c524f4006b7abbb82895ebd2e>:0).  
29.52,Exception,IndexOutOfRangeException: Index was outside the bounds of the array.,SimpleController.FixedUpdate () (at <a8210e2c524f4006b7abbb82895ebd2e>:0).  
29.54,Exception,IndexOutOfRangeException: Index was outside the bounds of the array.,SimpleController.FixedUpdate () (at <a8210e2c524f4006b7abbb82895ebd2e>:0).  
29.56,Exception,IndexOutOfRangeException: Index was outside the bounds of the array.,SimpleController.FixedUpdate () (at <a8210e2c524f4006b7abbb82895ebd2e>:0).  
29.58,Exception,IndexOutOfRangeException: Index was outside the bounds of the array.,SimpleController.FixedUpdate () (at <a8210e2c524f4006b7abbb82895ebd2e>:0).  
29.6,Exception,IndexOutOfRangeException: Index was outside the bounds of the array.,SimpleController.FixedUpdate () (at <a8210e2c524f4006b7abbb82895ebd2e>:0).  
29.62,Exception,IndexOutOfRangeException: Index was outside the bounds of the array.,SimpleController.FixedUpdate () (at <a8210e2c524f4006b7abbb82895ebd2e>:0).  
29.64,Exception,IndexOutOfRangeException: Index was outside the bounds of the array.,SimpleController.FixedUpdate () (at <a8210e2c524f4006b7abbb82895ebd2e>:0).  
29.66,Exception,IndexOutOfRangeException: Index was outside the bounds of the array.,SimpleController.FixedUpdate () (at <a8210e2c524f4006b7abbb82895ebd2e>:0).  
29.68,Exception,IndexOutOfRangeException: Index was outside the bounds of the array.,SimpleController.FixedUpdate () (at <a8210e2c524f4006b7abbb82895ebd2e>:0).  
29.7,Exception,IndexOutOfRangeException: Index was outside the bounds of the array.,SimpleController.FixedUpdate () (at <a8210e2c524f4006b7abbb82895ebd2e>:0).  
29.72,Exception,IndexOutOfRangeException: Index was outside the bounds of the array.,SimpleController.FixedUpdate () (at <a8210e2c524f4006b7abbb82895ebd2e>:0).  
29.74,Exception,IndexOutOfRangeException: Index was outside the bounds of the array.,SimpleController.FixedUpdate () (at <a8210e2c524f4006b7abbb82895ebd2e>:0).  
29.76,Exception,IndexOutOfRangeException: Index was outside the bounds of the array.,SimpleController.FixedUpdate () (at <a8210e2c524f4006b7abbb82895ebd2e>:0).  
29.78,Exception,IndexOutOfRangeException: Index was outside the bounds of the array.,SimpleController.FixedUpdate () (at <a8210e2c524f4006b7abbb82895ebd2e>:0).  
29.8,Exception,IndexOutOfRangeException: Index was outside the bounds of the array.,SimpleController.FixedUpdate () (at <a8210e2c524f4006b7abbb82895ebd2e>:0).  
29.82,Exception,IndexOutOfRangeException: Index was outside the bounds of the array.,SimpleController.FixedUpdate () (at <a8210e2c524f4006b7abbb82895ebd2e>:0).  
29.84,Exception,IndexOutOfRangeException: Index was outside the bounds of the array.,SimpleController.FixedUpdate () (at <a8210e2c524f4006b7abbb82895ebd2e>:0).  
29.86,Exception,IndexOutOfRangeException: Index was outside the bounds of the array.,SimpleController.FixedUpdate () (at <a8210e2c524f4006b7abbb82895ebd2e>:0).  
29.88,Exception,IndexOutOfRangeException: Index was outside the bounds of the array.,SimpleController.FixedUpdate () (at <a8210e2c524f4006b7abbb82895ebd2e>:0).  
29.9,Exception,IndexOutOfRangeException: Index was outside the bounds of the array.,SimpleController.FixedUpdate () (at <a8210e2c524f4006b7abbb82895ebd2e>:0).  
29.92,Exception,IndexOutOfRangeException: Index was outside the bounds of the array.,SimpleController.FixedUpdate () (at <a8210e2c524f4006b7abbb82895ebd2e>:0).  
29.94,Exception,IndexOutOfRangeException: Index was outside the bounds of the array.,SimpleController.FixedUpdate () (at <a8210e2c524f4006b7abbb82895ebd2e>:0).  
29.96,Exception,IndexOutOfRangeException: Index was outside the bounds of the array.,SimpleController.FixedUpdate () (at <a8210e2c524f4006b7abbb82895ebd2e>:0).  
29.98,Exception,IndexOutOfRangeException: Index was outside the bounds of the array.,SimpleController.FixedUpdate () (at <a8210e2c524f4006b7abbb82895ebd2e>:0).  
30,Exception,IndexOutOfRangeException: Index was outside the bounds of the array.,SimpleController.FixedUpdate () (at <a8210e2c524f4006b7abbb82895ebd2e>:0).  
30.02,Exception,IndexOutOfRangeException: Index was outside the bounds of the array.,SimpleController.FixedUpdate () (at <a8210e2c524f4006b7abbb82895ebd2e>:0).  
30.04,Exception,IndexOutOfRangeException: Index was outside the bounds of the array.,SimpleController.FixedUpdate () (at <a8210e2c524f4006b7abbb82895ebd2e>:0).  
30.06,Exception,IndexOutOfRangeException: Index was outside the bounds of the array.,SimpleController.FixedUpdate () (at <a8210e2c524f4006b7abbb82895ebd2e>:0).  
30.08,Exception,IndexOutOfRangeException: Index was outside the bounds of the array.,SimpleController.FixedUpdate () (at <a8210e2c524f4006b7abbb82895ebd2e>:0).  
30.1,Exception,IndexOutOfRangeException: Index was outside the bounds of the array.,SimpleController.FixedUpdate () (at <a8210e2c524f4006b7abbb82895ebd2e>:0).  
30.12,Exception,IndexOutOfRangeException: Index was outside the bounds of the array.,SimpleController.FixedUpdate () (at <a8210e2c524f4006b7abbb82895ebd2e>:0).  
30.14,Exception,IndexOutOfRangeException: Index was outside the bounds of the array.,SimpleController.FixedUpdate () (at <a8210e2c524f4006b7abbb82895ebd2e>:0).  
30.16,Exception,IndexOutOfRangeException: Index was outside the bounds of the array.,SimpleController.FixedUpdate () (at <a8210e2c524f4006b7abbb82895ebd2e>:0).  
30.18,Exception,IndexOutOfRangeException: Index was outside the bounds of the array.,SimpleController.FixedUpdate () (at <a8210e2c524f4006b7abbb82895ebd2e>:0).  
30.2,Exception,IndexOutOfRangeException: Index was outside the bounds of the array.,SimpleController.FixedUpdate () (at <a8210e2c524f4006b7abbb82895ebd2e>:0).  
30.22,Exception,IndexOutOfRangeException: Index was outside the bounds of the array.,SimpleController.FixedUpdate () (at <a8210e2c524f4006b7abbb82895ebd2e>:0).  
30.24,Exception,IndexOutOfRangeException: Index was outside the bounds of the array.,SimpleController.FixedUpdate () (at <a8210e2c524f4006b7abbb82895ebd2e>:0).  
30.26,Exception,IndexOutOfRangeException: Index was outside the bounds of the array.,SimpleController.FixedUpdate () (at <a8210e2c524f4006b7abbb82895ebd2e>:0).  
30.28,Exception,IndexOutOfRangeException: Index was outside the bounds of the array.,SimpleController.FixedUpdate () (at <a8210e2c524f4006b7abbb82895ebd2e>:0).  
30.3,Exception,IndexOutOfRangeException: Index was outside the bounds of the array.,SimpleController.FixedUpdate () (at <a8210e2c524f4006b7abbb82895ebd2e>:0).  
30.32,Exception,IndexOutOfRangeException: Index was outside the bounds of the array.,SimpleController.FixedUpdate () (at <a8210e2c524f4006b7abbb82895ebd2e>:0).  
30.34,Exception,IndexOutOfRangeException: Index was outside the bounds of the array.,SimpleController.FixedUpdate () (at <a8210e2c524f4006b7abbb82895ebd2e>:0).  
30.36,Exception,IndexOutOfRangeException: Index was outside the bounds of the array.,SimpleController.FixedUpdate () (at <a8210e2c524f4006b7abbb82895ebd2e>:0).  
30.38,Exception,IndexOutOfRangeException: Index was outside the bounds of the array.,SimpleController.FixedUpdate () (at <a8210e2c524f4006b7abbb82895ebd2e>:0).  
30.4,Exception,IndexOutOfRangeException: Index was outside the bounds of the array.,SimpleController.FixedUpdate () (at <a8210e2c524f4006b7abbb82895ebd2e>:0).  
30.42,Exception,IndexOutOfRangeException: Index was outside the bounds of the array.,SimpleController.FixedUpdate () (at <a8210e2c524f4006b7abbb82895ebd2e>:0).  
30.44,Exception,IndexOutOfRangeException: Index was outside the bounds of the array.,SimpleController.FixedUpdate () (at <a8210e2c524f4006b7abbb82895ebd2e>:0).  
30.46,Exception,IndexOutOfRangeException: Index was outside the bounds of the array.,SimpleController.FixedUpdate () (at <a8210e2c524f4006b7abbb82895ebd2e>:0).  
30.48,Exception,IndexOutOfRangeException: Index was outside the bounds of the array.,SimpleController.FixedUpdate () (at <a8210e2c524f4006b7abbb82895ebd2e>:0).  
30.5,Exception,IndexOutOfRangeException: Index was outside the bounds of the array.,SimpleController.FixedUpdate () (at <a8210e2c524f4006b7abbb82895ebd2e>:0).  
30.52,Exception,IndexOutOfRangeException: Index was outside the bounds of the array.,SimpleController.FixedUpdate () (at <a8210e2c524f4006b7abbb82895ebd2e>:0).  
30.54,Exception,IndexOutOfRangeException: Index was outside the bounds of the array.,SimpleController.FixedUpdate () (at <a8210e2c524f4006b7abbb82895ebd2e>:0).  
30.56,Exception,IndexOutOfRangeException: Index was outside the bounds of the array.,SimpleController.FixedUpdate () (at <a8210e2c524f4006b7abbb82895ebd2e>:0).  
30.58,Exception,IndexOutOfRangeException: Index was outside the bounds of the array.,SimpleController.FixedUpdate () (at <a8210e2c524f4006b7abbb82895ebd2e>:0).  
30.6,Exception,IndexOutOfRangeException: Index was outside the bounds of the array.,SimpleController.FixedUpdate () (at <a8210e2c524f4006b7abbb82895ebd2e>:0).  
30.62,Exception,IndexOutOfRangeException: Index was outside the bounds of the array.,SimpleController.FixedUpdate () (at <a8210e2c524f4006b7abbb82895ebd2e>:0).  
30.64,Exception,IndexOutOfRangeException: Index was outside the bounds of the array.,SimpleController.FixedUpdate () (at <a8210e2c524f4006b7abbb82895ebd2e>:0).  
30.66,Exception,IndexOutOfRangeException: Index was outside the bounds of the array.,SimpleController.FixedUpdate () (at <a8210e2c524f4006b7abbb82895ebd2e>:0).  
30.68,Exception,IndexOutOfRangeException: Index was outside the bounds of the array.,SimpleController.FixedUpdate () (at <a8210e2c524f4006b7abbb82895ebd2e>:0).  
30.7,Exception,IndexOutOfRangeException: Index was outside the bounds of the array.,SimpleController.FixedUpdate () (at <a8210e2c524f4006b7abbb82895ebd2e>:0).  
30.72,Exception,IndexOutOfRangeException: Index was outside the bounds of the array.,SimpleController.FixedUpdate () (at <a8210e2c524f4006b7abbb82895ebd2e>:0).  
30.74,Exception,IndexOutOfRangeException: Index was outside the bounds of the array.,SimpleController.FixedUpdate () (at <a8210e2c524f4006b7abbb82895ebd2e>:0).  
30.76,Exception,IndexOutOfRangeException: Index was outside the bounds of the array.,SimpleController.FixedUpdate () (at <a8210e2c524f4006b7abbb82895ebd2e>:0).  
30.78,Exception,IndexOutOfRangeException: Index was outside the bounds of the array.,SimpleController.FixedUpdate () (at <a8210e2c524f4006b7abbb82895ebd2e>:0).  
30.8,Exception,IndexOutOfRangeException: Index was outside the bounds of the array.,SimpleController.FixedUpdate () (at <a8210e2c524f4006b7abbb82895ebd2e>:0).  
30.82,Exception,IndexOutOfRangeException: Index was outside the bounds of the array.,SimpleController.FixedUpdate () (at <a8210e2c524f4006b7abbb82895ebd2e>:0).  
30.84,Exception,IndexOutOfRangeException: Index was outside the bounds of the array.,SimpleController.FixedUpdate () (at <a8210e2c524f4006b7abbb82895ebd2e>:0).  
30.86,Exception,IndexOutOfRangeException: Index was outside the bounds of the array.,SimpleController.FixedUpdate () (at <a8210e2c524f4006b7abbb82895ebd2e>:0).  
30.88,Exception,IndexOutOfRangeException: Index was outside the bounds of the array.,SimpleController.FixedUpdate () (at <a8210e2c524f4006b7abbb82895ebd2e>:0).  
30.9,Exception,IndexOutOfRangeException: Index was outside the bounds of the array.,SimpleController.FixedUpdate () (at <a8210e2c524f4006b7abbb82895ebd2e>:0).  
30.92,Exception,IndexOutOfRangeException: Index was outside the bounds of the array.,SimpleController.FixedUpdate () (at <a8210e2c524f4006b7abbb82895ebd2e>:0).  
30.94,Exception,IndexOutOfRangeException: Index was outside the bounds of the array.,SimpleController.FixedUpdate () (at <a8210e2c524f4006b7abbb82895ebd2e>:0).  
30.96,Exception,IndexOutOfRangeException: Index was outside the bounds of the array.,SimpleController.FixedUpdate () (at <a8210e2c524f4006b7abbb82895ebd2e>:0).  
30.98,Exception,IndexOutOfRangeException: Index was outside the bounds of the array.,SimpleController.FixedUpdate () (at <a8210e2c524f4006b7abbb82895ebd2e>:0).  
31,Exception,IndexOutOfRangeException: Index was outside the bounds of the array.,SimpleController.FixedUpdate () (at <a8210e2c524f4006b7abbb82895ebd2e>:0).  
31.02,Exception,IndexOutOfRangeException: Index was outside the bounds of the array.,SimpleController.FixedUpdate () (at <a8210e2c524f4006b7abbb82895ebd2e>:0).  
31.04,Exception,IndexOutOfRangeException: Index was outside the bounds of the array.,SimpleController.FixedUpdate () (at <a8210e2c524f4006b7abbb82895ebd2e>:0).  
31.06,Exception,IndexOutOfRangeException: Index was outside the bounds of the array.,SimpleController.FixedUpdate () (at <a8210e2c524f4006b7abbb82895ebd2e>:0).  
31.08,Exception,IndexOutOfRangeException: Index was outside the bounds of the array.,SimpleController.FixedUpdate () (at <a8210e2c524f4006b7abbb82895ebd2e>:0).  
31.1,Exception,IndexOutOfRangeException: Index was outside the bounds of the array.,SimpleController.FixedUpdate () (at <a8210e2c524f4006b7abbb82895ebd2e>:0).  
31.12,Exception,IndexOutOfRangeException: Index was outside the bounds of the array.,SimpleController.FixedUpdate () (at <a8210e2c524f4006b7abbb82895ebd2e>:0).  
31.14,Exception,IndexOutOfRangeException: Index was outside the bounds of the array.,SimpleController.FixedUpdate () (at <a8210e2c524f4006b7abbb82895ebd2e>:0).  
31.16,Exception,IndexOutOfRangeException: Index was outside the bounds of the array.,SimpleController.FixedUpdate () (at <a8210e2c524f4006b7abbb82895ebd2e>:0).  
31.18,Exception,IndexOutOfRangeException: Index was outside the bounds of the array.,SimpleController.FixedUpdate () (at <a8210e2c524f4006b7abbb82895ebd2e>:0).  
31.2,Exception,IndexOutOfRangeException: Index was outside the bounds of the array.,SimpleController.FixedUpdate () (at <a8210e2c524f4006b7abbb82895ebd2e>:0).  
31.22,Exception,IndexOutOfRangeException: Index was outside the bounds of the array.,SimpleController.FixedUpdate () (at <a8210e2c524f4006b7abbb82895ebd2e>:0).  
31.24,Exception,IndexOutOfRangeException: Index was outside the bounds of the array.,SimpleController.FixedUpdate () (at <a8210e2c524f4006b7abbb82895ebd2e>:0).  
31.26,Exception,IndexOutOfRangeException: Index was outside the bounds of the array.,SimpleController.FixedUpdate () (at <a8210e2c524f4006b7abbb82895ebd2e>:0).  
31.28,Exception,IndexOutOfRangeException: Index was outside the bounds of the array.,SimpleController.FixedUpdate () (at <a8210e2c524f4006b7abbb82895ebd2e>:0).  
31.3,Exception,IndexOutOfRangeException: Index was outside the bounds of the array.,SimpleController.FixedUpdate () (at <a8210e2c524f4006b7abbb82895ebd2e>:0).  
31.32,Exception,IndexOutOfRangeException: Index was outside the bounds of the array.,SimpleController.FixedUpdate () (at <a8210e2c524f4006b7abbb82895ebd2e>:0).  
31.34,Exception,IndexOutOfRangeException: Index was outside the bounds of the array.,SimpleController.FixedUpdate () (at <a8210e2c524f4006b7abbb82895ebd2e>:0).  
31.36,Exception,IndexOutOfRangeException: Index was outside the bounds of the array.,SimpleController.FixedUpdate () (at <a8210e2c524f4006b7abbb82895ebd2e>:0).  
31.38,Exception,IndexOutOfRangeException: Index was outside the bounds of the array.,SimpleController.FixedUpdate () (at <a8210e2c524f4006b7abbb82895ebd2e>:0).  
31.4,Exception,IndexOutOfRangeException: Index was outside the bounds of the array.,SimpleController.FixedUpdate () (at <a8210e2c524f4006b7abbb82895ebd2e>:0).  
31.42,Exception,IndexOutOfRangeException: Index was outside the bounds of the array.,SimpleController.FixedUpdate () (at <a8210e2c524f4006b7abbb82895ebd2e>:0).  
31.44,Exception,IndexOutOfRangeException: Index was outside the bounds of the array.,SimpleController.FixedUpdate () (at <a8210e2c524f4006b7abbb82895ebd2e>:0).  
31.46,Exception,IndexOutOfRangeException: Index was outside the bounds of the array.,SimpleController.FixedUpdate () (at <a8210e2c524f4006b7abbb82895ebd2e>:0).  
31.48,Exception,IndexOutOfRangeException: Index was outside the bounds of the array.,SimpleController.FixedUpdate () (at <a8210e2c524f4006b7abbb82895ebd2e>:0).  
31.5,Exception,IndexOutOfRangeException: Index was outside the bounds of the array.,SimpleController.FixedUpdate () (at <a8210e2c524f4006b7abbb82895ebd2e>:0).  
31.52,Exception,IndexOutOfRangeException: Index was outside the bounds of the array.,SimpleController.FixedUpdate () (at <a8210e2c524f4006b7abbb82895ebd2e>:0).  
31.54,Exception,IndexOutOfRangeException: Index was outside the bounds of the array.,SimpleController.FixedUpdate () (at <a8210e2c524f4006b7abbb82895ebd2e>:0).  
31.56,Exception,IndexOutOfRangeException: Index was outside the bounds of the array.,SimpleController.FixedUpdate () (at <a8210e2c524f4006b7abbb82895ebd2e>:0).  
31.58,Exception,IndexOutOfRangeException: Index was outside the bounds of the array.,SimpleController.FixedUpdate () (at <a8210e2c524f4006b7abbb82895ebd2e>:0).  
31.6,Exception,IndexOutOfRangeException: Index was outside the bounds of the array.,SimpleController.FixedUpdate () (at <a8210e2c524f4006b7abbb82895ebd2e>:0).  
31.62,Exception,IndexOutOfRangeException: Index was outside the bounds of the array.,SimpleController.FixedUpdate () (at <a8210e2c524f4006b7abbb82895ebd2e>:0).  
31.64,Exception,IndexOutOfRangeException: Index was outside the bounds of the array.,SimpleController.FixedUpdate () (at <a8210e2c524f4006b7abbb82895ebd2e>:0).  
31.66,Exception,IndexOutOfRangeException: Index was outside the bounds of the array.,SimpleController.FixedUpdate () (at <a8210e2c524f4006b7abbb82895ebd2e>:0).  
31.68,Exception,IndexOutOfRangeException: Index was outside the bounds of the array.,SimpleController.FixedUpdate () (at <a8210e2c524f4006b7abbb82895ebd2e>:0).  
31.7,Exception,IndexOutOfRangeException: Index was outside the bounds of the array.,SimpleController.FixedUpdate () (at <a8210e2c524f4006b7abbb82895ebd2e>:0).  
31.72,Exception,IndexOutOfRangeException: Index was outside the bounds of the array.,SimpleController.FixedUpdate () (at <a8210e2c524f4006b7abbb82895ebd2e>:0).  
31.74,Exception,IndexOutOfRangeException: Index was outside the bounds of the array.,SimpleController.FixedUpdate () (at <a8210e2c524f4006b7abbb82895ebd2e>:0).  
31.76,Exception,IndexOutOfRangeException: Index was outside the bounds of the array.,SimpleController.FixedUpdate () (at <a8210e2c524f4006b7abbb82895ebd2e>:0).  
31.78,Exception,IndexOutOfRangeException: Index was outside the bounds of the array.,SimpleController.FixedUpdate () (at <a8210e2c524f4006b7abbb82895ebd2e>:0).  
31.8,Exception,IndexOutOfRangeException: Index was outside the bounds of the array.,SimpleController.FixedUpdate () (at <a8210e2c524f4006b7abbb82895ebd2e>:0).  
31.82,Exception,IndexOutOfRangeException: Index was outside the bounds of the array.,SimpleController.FixedUpdate () (at <a8210e2c524f4006b7abbb82895ebd2e>:0).  
31.84,Exception,IndexOutOfRangeException: Index was outside the bounds of the array.,SimpleController.FixedUpdate () (at <a8210e2c524f4006b7abbb82895ebd2e>:0).  
31.86,Exception,IndexOutOfRangeException: Index was outside the bounds of the array.,SimpleController.FixedUpdate () (at <a8210e2c524f4006b7abbb82895ebd2e>:0).  
31.88,Exception,IndexOutOfRangeException: Index was outside the bounds of the array.,SimpleController.FixedUpdate () (at <a8210e2c524f4006b7abbb82895ebd2e>:0).  
31.9,Exception,IndexOutOfRangeException: Index was outside the bounds of the array.,SimpleController.FixedUpdate () (at <a8210e2c524f4006b7abbb82895ebd2e>:0).  
31.92,Exception,IndexOutOfRangeException: Index was outside the bounds of the array.,SimpleController.FixedUpdate () (at <a8210e2c524f4006b7abbb82895ebd2e>:0).  
31.94,Exception,IndexOutOfRangeException: Index was outside the bounds of the array.,SimpleController.FixedUpdate () (at <a8210e2c524f4006b7abbb82895ebd2e>:0).  
31.96,Exception,IndexOutOfRangeException: Index was outside the bounds of the array.,SimpleController.FixedUpdate () (at <a8210e2c524f4006b7abbb82895ebd2e>:0).  
31.98,Exception,IndexOutOfRangeException: Index was outside the bounds of the array.,SimpleController.FixedUpdate () (at <a8210e2c524f4006b7abbb82895ebd2e>:0).  
32,Exception,IndexOutOfRangeException: Index was outside the bounds of the array.,SimpleController.FixedUpdate () (at <a8210e2c524f4006b7abbb82895ebd2e>:0).  
32.02,Exception,IndexOutOfRangeException: Index was outside the bounds of the array.,SimpleController.FixedUpdate () (at <a8210e2c524f4006b7abbb82895ebd2e>:0).  
32.04,Exception,IndexOutOfRangeException: Index was outside the bounds of the array.,SimpleController.FixedUpdate () (at <a8210e2c524f4006b7abbb82895ebd2e>:0).  
32.06,Exception,IndexOutOfRangeException: Index was outside the bounds of the array.,SimpleController.FixedUpdate () (at <a8210e2c524f4006b7abbb82895ebd2e>:0).  
32.08,Exception,IndexOutOfRangeException: Index was outside the bounds of the array.,SimpleController.FixedUpdate () (at <a8210e2c524f4006b7abbb82895ebd2e>:0).  
32.1,Exception,IndexOutOfRangeException: Index was outside the bounds of the array.,SimpleController.FixedUpdate () (at <a8210e2c524f4006b7abbb82895ebd2e>:0).  
32.12,Exception,IndexOutOfRangeException: Index was outside the bounds of the array.,SimpleController.FixedUpdate () (at <a8210e2c524f4006b7abbb82895ebd2e>:0).  
32.14,Exception,IndexOutOfRangeException: Index was outside the bounds of the array.,SimpleController.FixedUpdate () (at <a8210e2c524f4006b7abbb82895ebd2e>:0).  
32.16,Exception,IndexOutOfRangeException: Index was outside the bounds of the array.,SimpleController.FixedUpdate () (at <a8210e2c524f4006b7abbb82895ebd2e>:0).  
32.18,Exception,IndexOutOfRangeException: Index was outside the bounds of the array.,SimpleController.FixedUpdate () (at <a8210e2c524f4006b7abbb82895ebd2e>:0).  
32.2,Exception,IndexOutOfRangeException: Index was outside the bounds of the array.,SimpleController.FixedUpdate () (at <a8210e2c524f4006b7abbb82895ebd2e>:0).  
32.22,Exception,IndexOutOfRangeException: Index was outside the bounds of the array.,SimpleController.FixedUpdate () (at <a8210e2c524f4006b7abbb82895ebd2e>:0).  
32.24,Exception,IndexOutOfRangeException: Index was outside the bounds of the array.,SimpleController.FixedUpdate () (at <a8210e2c524f4006b7abbb82895ebd2e>:0).  
32.26,Exception,IndexOutOfRangeException: Index was outside the bounds of the array.,SimpleController.FixedUpdate () (at <a8210e2c524f4006b7abbb82895ebd2e>:0).  
32.28,Exception,IndexOutOfRangeException: Index was outside the bounds of the array.,SimpleController.FixedUpdate () (at <a8210e2c524f4006b7abbb82895ebd2e>:0).  
32.3,Exception,IndexOutOfRangeException: Index was outside the bounds of the array.,SimpleController.FixedUpdate () (at <a8210e2c524f4006b7abbb82895ebd2e>:0).  
32.32,Exception,IndexOutOfRangeException: Index was outside the bounds of the array.,SimpleController.FixedUpdate () (at <a8210e2c524f4006b7abbb82895ebd2e>:0).  
32.34,Exception,IndexOutOfRangeException: Index was outside the bounds of the array.,SimpleController.FixedUpdate () (at <a8210e2c524f4006b7abbb82895ebd2e>:0).  
32.36,Exception,IndexOutOfRangeException: Index was outside the bounds of the array.,SimpleController.FixedUpdate () (at <a8210e2c524f4006b7abbb82895ebd2e>:0).  
32.38,Exception,IndexOutOfRangeException: Index was outside the bounds of the array.,SimpleController.FixedUpdate () (at <a8210e2c524f4006b7abbb82895ebd2e>:0).  
32.4,Exception,IndexOutOfRangeException: Index was outside the bounds of the array.,SimpleController.FixedUpdate () (at <a8210e2c524f4006b7abbb82895ebd2e>:0).  
32.42,Exception,IndexOutOfRangeException: Index was outside the bounds of the array.,SimpleController.FixedUpdate () (at <a8210e2c524f4006b7abbb82895ebd2e>:0).  
32.44,Exception,IndexOutOfRangeException: Index was outside the bounds of the array.,SimpleController.FixedUpdate () (at <a8210e2c524f4006b7abbb82895ebd2e>:0).  
32.46,Exception,IndexOutOfRangeException: Index was outside the bounds of the array.,SimpleController.FixedUpdate () (at <a8210e2c524f4006b7abbb82895ebd2e>:0).  
32.48,Exception,IndexOutOfRangeException: Index was outside the bounds of the array.,SimpleController.FixedUpdate () (at <a8210e2c524f4006b7abbb82895ebd2e>:0).  
32.5,Exception,IndexOutOfRangeException: Index was outside the bounds of the array.,SimpleController.FixedUpdate () (at <a8210e2c524f4006b7abbb82895ebd2e>:0).  
32.52,Exception,IndexOutOfRangeException: Index was outside the bounds of the array.,SimpleController.FixedUpdate () (at <a8210e2c524f4006b7abbb82895ebd2e>:0).  
32.54,Exception,IndexOutOfRangeException: Index was outside the bounds of the array.,SimpleController.FixedUpdate () (at <a8210e2c524f4006b7abbb82895ebd2e>:0).  
32.56,Exception,IndexOutOfRangeException: Index was outside the bounds of the array.,SimpleController.FixedUpdate () (at <a8210e2c524f4006b7abbb82895ebd2e>:0).  
32.58,Exception,IndexOutOfRangeException: Index was outside the bounds of the array.,SimpleController.FixedUpdate () (at <a8210e2c524f4006b7abbb82895ebd2e>:0).  
32.6,Exception,IndexOutOfRangeException: Index was outside the bounds of the array.,SimpleController.FixedUpdate () (at <a8210e2c524f4006b7abbb82895ebd2e>:0).  
32.62,Exception,IndexOutOfRangeException: Index was outside the bounds of the array.,SimpleController.FixedUpdate () (at <a8210e2c524f4006b7abbb82895ebd2e>:0).  
32.64,Exception,IndexOutOfRangeException: Index was outside the bounds of the array.,SimpleController.FixedUpdate () (at <a8210e2c524f4006b7abbb82895ebd2e>:0).  
32.66,Exception,IndexOutOfRangeException: Index was outside the bounds of the array.,SimpleController.FixedUpdate () (at <a8210e2c524f4006b7abbb82895ebd2e>:0).  
32.68,Exception,IndexOutOfRangeException: Index was outside the bounds of the array.,SimpleController.FixedUpdate () (at <a8210e2c524f4006b7abbb82895ebd2e>:0).  
32.7,Exception,IndexOutOfRangeException: Index was outside the bounds of the array.,SimpleController.FixedUpdate () (at <a8210e2c524f4006b7abbb82895ebd2e>:0).  
32.72,Exception,IndexOutOfRangeException: Index was outside the bounds of the array.,SimpleController.FixedUpdate () (at <a8210e2c524f4006b7abbb82895ebd2e>:0).  
32.74,Exception,IndexOutOfRangeException: Index was outside the bounds of the array.,SimpleController.FixedUpdate () (at <a8210e2c524f4006b7abbb82895ebd2e>:0).  
32.76,Exception,IndexOutOfRangeException: Index was outside the bounds of the array.,SimpleController.FixedUpdate () (at <a8210e2c524f4006b7abbb82895ebd2e>:0).  
32.78,Exception,IndexOutOfRangeException: Index was outside the bounds of the array.,SimpleController.FixedUpdate () (at <a8210e2c524f4006b7abbb82895ebd2e>:0).  
32.8,Exception,IndexOutOfRangeException: Index was outside the bounds of the array.,SimpleController.FixedUpdate () (at <a8210e2c524f4006b7abbb82895ebd2e>:0).  
32.82,Exception,IndexOutOfRangeException: Index was outside the bounds of the array.,SimpleController.FixedUpdate () (at <a8210e2c524f4006b7abbb82895ebd2e>:0).  
32.84,Exception,IndexOutOfRangeException: Index was outside the bounds of the array.,SimpleController.FixedUpdate () (at <a8210e2c524f4006b7abbb82895ebd2e>:0).  
32.86,Exception,IndexOutOfRangeException: Index was outside the bounds of the array.,SimpleController.FixedUpdate () (at <a8210e2c524f4006b7abbb82895ebd2e>:0).  
32.88,Exception,IndexOutOfRangeException: Index was outside the bounds of the array.,SimpleController.FixedUpdate () (at <a8210e2c524f4006b7abbb82895ebd2e>:0).  
32.9,Exception,IndexOutOfRangeException: Index was outside the bounds of the array.,SimpleController.FixedUpdate () (at <a8210e2c524f4006b7abbb82895ebd2e>:0).  
32.92,Exception,IndexOutOfRangeException: Index was outside the bounds of the array.,SimpleController.FixedUpdate () (at <a8210e2c524f4006b7abbb82895ebd2e>:0).  
32.94,Exception,IndexOutOfRangeException: Index was outside the bounds of the array.,SimpleController.FixedUpdate () (at <a8210e2c524f4006b7abbb82895ebd2e>:0).  
32.96,Exception,IndexOutOfRangeException: Index was outside the bounds of the array.,SimpleController.FixedUpdate () (at <a8210e2c524f4006b7abbb82895ebd2e>:0).  
32.98,Exception,IndexOutOfRangeException: Index was outside the bounds of the array.,SimpleController.FixedUpdate () (at <a8210e2c524f4006b7abbb82895ebd2e>:0).  
33,Exception,IndexOutOfRangeException: Index was outside the bounds of the array.,SimpleController.FixedUpdate () (at <a8210e2c524f4006b7abbb82895ebd2e>:0).  
33.02,Exception,IndexOutOfRangeException: Index was outside the bounds of the array.,SimpleController.FixedUpdate () (at <a8210e2c524f4006b7abbb82895ebd2e>:0).  
33.04,Exception,IndexOutOfRangeException: Index was outside the bounds of the array.,SimpleController.FixedUpdate () (at <a8210e2c524f4006b7abbb82895ebd2e>:0).  
33.06,Exception,IndexOutOfRangeException: Index was outside the bounds of the array.,SimpleController.FixedUpdate () (at <a8210e2c524f4006b7abbb82895ebd2e>:0).  
33.08,Exception,IndexOutOfRangeException: Index was outside the bounds of the array.,SimpleController.FixedUpdate () (at <a8210e2c524f4006b7abbb82895ebd2e>:0).  
33.1,Exception,IndexOutOfRangeException: Index was outside the bounds of the array.,SimpleController.FixedUpdate () (at <a8210e2c524f4006b7abbb82895ebd2e>:0).  
33.12,Exception,IndexOutOfRangeException: Index was outside the bounds of the array.,SimpleController.FixedUpdate () (at <a8210e2c524f4006b7abbb82895ebd2e>:0).  
33.14,Exception,IndexOutOfRangeException: Index was outside the bounds of the array.,SimpleController.FixedUpdate () (at <a8210e2c524f4006b7abbb82895ebd2e>:0).  
33.16,Exception,IndexOutOfRangeException: Index was outside the bounds of the array.,SimpleController.FixedUpdate () (at <a8210e2c524f4006b7abbb82895ebd2e>:0).  
33.18,Exception,IndexOutOfRangeException: Index was outside the bounds of the array.,SimpleController.FixedUpdate () (at <a8210e2c524f4006b7abbb82895ebd2e>:0).  
33.2,Exception,IndexOutOfRangeException: Index was outside the bounds of the array.,SimpleController.FixedUpdate () (at <a8210e2c524f4006b7abbb82895ebd2e>:0).  
33.22,Exception,IndexOutOfRangeException: Index was outside the bounds of the array.,SimpleController.FixedUpdate () (at <a8210e2c524f4006b7abbb82895ebd2e>:0).  
33.24,Exception,IndexOutOfRangeException: Index was outside the bounds of the array.,SimpleController.FixedUpdate () (at <a8210e2c524f4006b7abbb82895ebd2e>:0).  
33.26,Exception,IndexOutOfRangeException: Index was outside the bounds of the array.,SimpleController.FixedUpdate () (at <a8210e2c524f4006b7abbb82895ebd2e>:0).  
33.28,Exception,IndexOutOfRangeException: Index was outside the bounds of the array.,SimpleController.FixedUpdate () (at <a8210e2c524f4006b7abbb82895ebd2e>:0).  
33.3,Exception,IndexOutOfRangeException: Index was outside the bounds of the array.,SimpleController.FixedUpdate () (at <a8210e2c524f4006b7abbb82895ebd2e>:0).  
33.32,Exception,IndexOutOfRangeException: Index was outside the bounds of the array.,SimpleController.FixedUpdate () (at <a8210e2c524f4006b7abbb82895ebd2e>:0).  
33.34,Exception,IndexOutOfRangeException: Index was outside the bounds of the array.,SimpleController.FixedUpdate () (at <a8210e2c524f4006b7abbb82895ebd2e>:0).  
33.36,Exception,IndexOutOfRangeException: Index was outside the bounds of the array.,SimpleController.FixedUpdate () (at <a8210e2c524f4006b7abbb82895ebd2e>:0).  
33.38,Exception,IndexOutOfRangeException: Index was outside the bounds of the array.,SimpleController.FixedUpdate () (at <a8210e2c524f4006b7abbb82895ebd2e>:0).  
33.4,Exception,IndexOutOfRangeException: Index was outside the bounds of the array.,SimpleController.FixedUpdate () (at <a8210e2c524f4006b7abbb82895ebd2e>:0).  
33.42,Exception,IndexOutOfRangeException: Index was outside the bounds of the array.,SimpleController.FixedUpdate () (at <a8210e2c524f4006b7abbb82895ebd2e>:0).  
33.44,Exception,IndexOutOfRangeException: Index was outside the bounds of the array.,SimpleController.FixedUpdate () (at <a8210e2c524f4006b7abbb82895ebd2e>:0).  
33.46,Exception,IndexOutOfRangeException: Index was outside the bounds of the array.,SimpleController.FixedUpdate () (at <a8210e2c524f4006b7abbb82895ebd2e>:0).  
33.48,Exception,IndexOutOfRangeException: Index was outside the bounds of the array.,SimpleController.FixedUpdate () (at <a8210e2c524f4006b7abbb82895ebd2e>:0).  
33.5,Exception,IndexOutOfRangeException: Index was outside the bounds of the array.,SimpleController.FixedUpdate () (at <a8210e2c524f4006b7abbb82895ebd2e>:0).  
33.52,Exception,IndexOutOfRangeException: Index was outside the bounds of the array.,SimpleController.FixedUpdate () (at <a8210e2c524f4006b7abbb82895ebd2e>:0).  
33.54,Exception,IndexOutOfRangeException: Index was outside the bounds of the array.,SimpleController.FixedUpdate () (at <a8210e2c524f4006b7abbb82895ebd2e>:0).  
33.56,Exception,IndexOutOfRangeException: Index was outside the bounds of the array.,SimpleController.FixedUpdate () (at <a8210e2c524f4006b7abbb82895ebd2e>:0).  
33.58,Exception,IndexOutOfRangeException: Index was outside the bounds of the array.,SimpleController.FixedUpdate () (at <a8210e2c524f4006b7abbb82895ebd2e>:0).  
33.6,Exception,IndexOutOfRangeException: Index was outside the bounds of the array.,SimpleController.FixedUpdate () (at <a8210e2c524f4006b7abbb82895ebd2e>:0).  
33.62,Exception,IndexOutOfRangeException: Index was outside the bounds of the array.,SimpleController.FixedUpdate () (at <a8210e2c524f4006b7abbb82895ebd2e>:0).  
33.64,Exception,IndexOutOfRangeException: Index was outside the bounds of the array.,SimpleController.FixedUpdate () (at <a8210e2c524f4006b7abbb82895ebd2e>:0).  
33.66,Exception,IndexOutOfRangeException: Index was outside the bounds of the array.,SimpleController.FixedUpdate () (at <a8210e2c524f4006b7abbb82895ebd2e>:0).  
33.68,Exception,IndexOutOfRangeException: Index was outside the bounds of the array.,SimpleController.FixedUpdate () (at <a8210e2c524f4006b7abbb82895ebd2e>:0).  
33.7,Exception,IndexOutOfRangeException: Index was outside the bounds of the array.,SimpleController.FixedUpdate () (at <a8210e2c524f4006b7abbb82895ebd2e>:0).  
33.72,Exception,IndexOutOfRangeException: Index was outside the bounds of the array.,SimpleController.FixedUpdate () (at <a8210e2c524f4006b7abbb82895ebd2e>:0).  
33.74,Exception,IndexOutOfRangeException: Index was outside the bounds of the array.,SimpleController.FixedUpdate () (at <a8210e2c524f4006b7abbb82895ebd2e>:0).  
33.76,Exception,IndexOutOfRangeException: Index was outside the bounds of the array.,SimpleController.FixedUpdate () (at <a8210e2c524f4006b7abbb82895ebd2e>:0).  
33.78,Exception,IndexOutOfRangeException: Index was outside the bounds of the array.,SimpleController.FixedUpdate () (at <a8210e2c524f4006b7abbb82895ebd2e>:0).  
33.8,Exception,IndexOutOfRangeException: Index was outside the bounds of the array.,SimpleController.FixedUpdate () (at <a8210e2c524f4006b7abbb82895ebd2e>:0).  
33.82,Exception,IndexOutOfRangeException: Index was outside the bounds of the array.,SimpleController.FixedUpdate () (at <a8210e2c524f4006b7abbb82895ebd2e>:0).  
33.84,Exception,IndexOutOfRangeException: Index was outside the bounds of the array.,SimpleController.FixedUpdate () (at <a8210e2c524f4006b7abbb82895ebd2e>:0).  
33.86,Exception,IndexOutOfRangeException: Index was outside the bounds of the array.,SimpleController.FixedUpdate () (at <a8210e2c524f4006b7abbb82895ebd2e>:0).  
33.88,Exception,IndexOutOfRangeException: Index was outside the bounds of the array.,SimpleController.FixedUpdate () (at <a8210e2c524f4006b7abbb82895ebd2e>:0).  
33.9,Exception,IndexOutOfRangeException: Index was outside the bounds of the array.,SimpleController.FixedUpdate () (at <a8210e2c524f4006b7abbb82895ebd2e>:0).  
33.92,Exception,IndexOutOfRangeException: Index was outside the bounds of the array.,SimpleController.FixedUpdate () (at <a8210e2c524f4006b7abbb82895ebd2e>:0).  
33.94,Exception,IndexOutOfRangeException: Index was outside the bounds of the array.,SimpleController.FixedUpdate () (at <a8210e2c524f4006b7abbb82895ebd2e>:0).  
33.96,Exception,IndexOutOfRangeException: Index was outside the bounds of the array.,SimpleController.FixedUpdate () (at <a8210e2c524f4006b7abbb82895ebd2e>:0).  
33.98,Exception,IndexOutOfRangeException: Index was outside the bounds of the array.,SimpleController.FixedUpdate () (at <a8210e2c524f4006b7abbb82895ebd2e>:0).  
34,Exception,IndexOutOfRangeException: Index was outside the bounds of the array.,SimpleController.FixedUpdate () (at <a8210e2c524f4006b7abbb82895ebd2e>:0).  
34.02,Exception,IndexOutOfRangeException: Index was outside the bounds of the array.,SimpleController.FixedUpdate () (at <a8210e2c524f4006b7abbb82895ebd2e>:0).  
34.04,Exception,IndexOutOfRangeException: Index was outside the bounds of the array.,SimpleController.FixedUpdate () (at <a8210e2c524f4006b7abbb82895ebd2e>:0).  
34.06,Exception,IndexOutOfRangeException: Index was outside the bounds of the array.,SimpleController.FixedUpdate () (at <a8210e2c524f4006b7abbb82895ebd2e>:0).  
34.08,Exception,IndexOutOfRangeException: Index was outside the bounds of the array.,SimpleController.FixedUpdate () (at <a8210e2c524f4006b7abbb82895ebd2e>:0).  
34.1,Exception,IndexOutOfRangeException: Index was outside the bounds of the array.,SimpleController.FixedUpdate () (at <a8210e2c524f4006b7abbb82895ebd2e>:0).  
34.12,Exception,IndexOutOfRangeException: Index was outside the bounds of the array.,SimpleController.FixedUpdate () (at <a8210e2c524f4006b7abbb82895ebd2e>:0).  
34.14,Exception,IndexOutOfRangeException: Index was outside the bounds of the array.,SimpleController.FixedUpdate () (at <a8210e2c524f4006b7abbb82895ebd2e>:0).  
34.16,Exception,IndexOutOfRangeException: Index was outside the bounds of the array.,SimpleController.FixedUpdate () (at <a8210e2c524f4006b7abbb82895ebd2e>:0).  
34.18,Exception,IndexOutOfRangeException: Index was outside the bounds of the array.,SimpleController.FixedUpdate () (at <a8210e2c524f4006b7abbb82895ebd2e>:0).  
34.2,Exception,IndexOutOfRangeException: Index was outside the bounds of the array.,SimpleController.FixedUpdate () (at <a8210e2c524f4006b7abbb82895ebd2e>:0).  
34.22,Exception,IndexOutOfRangeException: Index was outside the bounds of the array.,SimpleController.FixedUpdate () (at <a8210e2c524f4006b7abbb82895ebd2e>:0).  
34.24,Exception,IndexOutOfRangeException: Index was outside the bounds of the array.,SimpleController.FixedUpdate () (at <a8210e2c524f4006b7abbb82895ebd2e>:0).  
34.26,Exception,IndexOutOfRangeException: Index was outside the bounds of the array.,SimpleController.FixedUpdate () (at <a8210e2c524f4006b7abbb82895ebd2e>:0).  
34.28,Exception,IndexOutOfRangeException: Index was outside the bounds of the array.,SimpleController.FixedUpdate () (at <a8210e2c524f4006b7abbb82895ebd2e>:0).  
34.3,Exception,IndexOutOfRangeException: Index was outside the bounds of the array.,SimpleController.FixedUpdate () (at <a8210e2c524f4006b7abbb82895ebd2e>:0).  
34.32,Exception,IndexOutOfRangeException: Index was outside the bounds of the array.,SimpleController.FixedUpdate () (at <a8210e2c524f4006b7abbb82895ebd2e>:0).  
34.34,Exception,IndexOutOfRangeException: Index was outside the bounds of the array.,SimpleController.FixedUpdate () (at <a8210e2c524f4006b7abbb82895ebd2e>:0).  
34.36,Exception,IndexOutOfRangeException: Index was outside the bounds of the array.,SimpleController.FixedUpdate () (at <a8210e2c524f4006b7abbb82895ebd2e>:0).  
34.38,Exception,IndexOutOfRangeException: Index was outside the bounds of the array.,SimpleController.FixedUpdate () (at <a8210e2c524f4006b7abbb82895ebd2e>:0).  
34.4,Exception,IndexOutOfRangeException: Index was outside the bounds of the array.,SimpleController.FixedUpdate () (at <a8210e2c524f4006b7abbb82895ebd2e>:0).  
34.42,Exception,IndexOutOfRangeException: Index was outside the bounds of the array.,SimpleController.FixedUpdate () (at <a8210e2c524f4006b7abbb82895ebd2e>:0).  
34.44,Exception,IndexOutOfRangeException: Index was outside the bounds of the array.,SimpleController.FixedUpdate () (at <a8210e2c524f4006b7abbb82895ebd2e>:0).  
34.46,Exception,IndexOutOfRangeException: Index was outside the bounds of the array.,SimpleController.FixedUpdate () (at <a8210e2c524f4006b7abbb82895ebd2e>:0).  
34.48,Exception,IndexOutOfRangeException: Index was outside the bounds of the array.,SimpleController.FixedUpdate () (at <a8210e2c524f4006b7abbb82895ebd2e>:0).  
34.5,Exception,IndexOutOfRangeException: Index was outside the bounds of the array.,SimpleController.FixedUpdate () (at <a8210e2c524f4006b7abbb82895ebd2e>:0).  
34.52,Exception,IndexOutOfRangeException: Index was outside the bounds of the array.,SimpleController.FixedUpdate () (at <a8210e2c524f4006b7abbb82895ebd2e>:0).  
34.54,Exception,IndexOutOfRangeException: Index was outside the bounds of the array.,SimpleController.FixedUpdate () (at <a8210e2c524f4006b7abbb82895ebd2e>:0).  
34.56,Exception,IndexOutOfRangeException: Index was outside the bounds of the array.,SimpleController.FixedUpdate () (at <a8210e2c524f4006b7abbb82895ebd2e>:0).  
34.58,Exception,IndexOutOfRangeException: Index was outside the bounds of the array.,SimpleController.FixedUpdate () (at <a8210e2c524f4006b7abbb82895ebd2e>:0).  
34.6,Exception,IndexOutOfRangeException: Index was outside the bounds of the array.,SimpleController.FixedUpdate () (at <a8210e2c524f4006b7abbb82895ebd2e>:0).  
34.62,Exception,IndexOutOfRangeException: Index was outside the bounds of the array.,SimpleController.FixedUpdate () (at <a8210e2c524f4006b7abbb82895ebd2e>:0).  
34.64,Exception,IndexOutOfRangeException: Index was outside the bounds of the array.,SimpleController.FixedUpdate () (at <a8210e2c524f4006b7abbb82895ebd2e>:0).  
34.66,Exception,IndexOutOfRangeException: Index was outside the bounds of the array.,SimpleController.FixedUpdate () (at <a8210e2c524f4006b7abbb82895ebd2e>:0).  
34.68,Exception,IndexOutOfRangeException: Index was outside the bounds of the array.,SimpleController.FixedUpdate () (at <a8210e2c524f4006b7abbb82895ebd2e>:0).  
34.7,Exception,IndexOutOfRangeException: Index was outside the bounds of the array.,SimpleController.FixedUpdate () (at <a8210e2c524f4006b7abbb82895ebd2e>:0).  
34.72,Exception,IndexOutOfRangeException: Index was outside the bounds of the array.,SimpleController.FixedUpdate () (at <a8210e2c524f4006b7abbb82895ebd2e>:0).  
34.74,Exception,IndexOutOfRangeException: Index was outside the bounds of the array.,SimpleController.FixedUpdate () (at <a8210e2c524f4006b7abbb82895ebd2e>:0).  
34.76,Exception,IndexOutOfRangeException: Index was outside the bounds of the array.,SimpleController.FixedUpdate () (at <a8210e2c524f4006b7abbb82895ebd2e>:0).  
34.78,Exception,IndexOutOfRangeException: Index was outside the bounds of the array.,SimpleController.FixedUpdate () (at <a8210e2c524f4006b7abbb82895ebd2e>:0).  
34.8,Exception,IndexOutOfRangeException: Index was outside the bounds of the array.,SimpleController.FixedUpdate () (at <a8210e2c524f4006b7abbb82895ebd2e>:0).  
34.82,Exception,IndexOutOfRangeException: Index was outside the bounds of the array.,SimpleController.FixedUpdate () (at <a8210e2c524f4006b7abbb82895ebd2e>:0).  
34.84,Exception,IndexOutOfRangeException: Index was outside the bounds of the array.,SimpleController.FixedUpdate () (at <a8210e2c524f4006b7abbb82895ebd2e>:0).  
34.86,Exception,IndexOutOfRangeException: Index was outside the bounds of the array.,SimpleController.FixedUpdate () (at <a8210e2c524f4006b7abbb82895ebd2e>:0).  
34.88,Exception,IndexOutOfRangeException: Index was outside the bounds of the array.,SimpleController.FixedUpdate () (at <a8210e2c524f4006b7abbb82895ebd2e>:0).  
34.9,Exception,IndexOutOfRangeException: Index was outside the bounds of the array.,SimpleController.FixedUpdate () (at <a8210e2c524f4006b7abbb82895ebd2e>:0).  
34.92,Exception,IndexOutOfRangeException: Index was outside the bounds of the array.,SimpleController.FixedUpdate () (at <a8210e2c524f4006b7abbb82895ebd2e>:0).  
34.94,Exception,IndexOutOfRangeException: Index was outside the bounds of the array.,SimpleController.FixedUpdate () (at <a8210e2c524f4006b7abbb82895ebd2e>:0).  
34.96,Exception,IndexOutOfRangeException: Index was outside the bounds of the array.,SimpleController.FixedUpdate () (at <a8210e2c524f4006b7abbb82895ebd2e>:0).  
34.98,Exception,IndexOutOfRangeException: Index was outside the bounds of the array.,SimpleController.FixedUpdate () (at <a8210e2c524f4006b7abbb82895ebd2e>:0).  
35,Exception,IndexOutOfRangeException: Index was outside the bounds of the array.,SimpleController.FixedUpdate () (at <a8210e2c524f4006b7abbb82895ebd2e>:0).  
35.02,Exception,IndexOutOfRangeException: Index was outside the bounds of the array.,SimpleController.FixedUpdate () (at <a8210e2c524f4006b7abbb82895ebd2e>:0).  
35.04,Exception,IndexOutOfRangeException: Index was outside the bounds of the array.,SimpleController.FixedUpdate () (at <a8210e2c524f4006b7abbb82895ebd2e>:0).  
35.06,Exception,IndexOutOfRangeException: Index was outside the bounds of the array.,SimpleController.FixedUpdate () (at <a8210e2c524f4006b7abbb82895ebd2e>:0).  
35.08,Exception,IndexOutOfRangeException: Index was outside the bounds of the array.,SimpleController.FixedUpdate () (at <a8210e2c524f4006b7abbb82895ebd2e>:0).  
35.1,Exception,IndexOutOfRangeException: Index was outside the bounds of the array.,SimpleController.FixedUpdate () (at <a8210e2c524f4006b7abbb82895ebd2e>:0).  
35.12,Exception,IndexOutOfRangeException: Index was outside the bounds of the array.,SimpleController.FixedUpdate () (at <a8210e2c524f4006b7abbb82895ebd2e>:0).  
35.14,Exception,IndexOutOfRangeException: Index was outside the bounds of the array.,SimpleController.FixedUpdate () (at <a8210e2c524f4006b7abbb82895ebd2e>:0).  
35.16,Exception,IndexOutOfRangeException: Index was outside the bounds of the array.,SimpleController.FixedUpdate () (at <a8210e2c524f4006b7abbb82895ebd2e>:0).  
35.18,Exception,IndexOutOfRangeException: Index was outside the bounds of the array.,SimpleController.FixedUpdate () (at <a8210e2c524f4006b7abbb82895ebd2e>:0).  
35.2,Exception,IndexOutOfRangeException: Index was outside the bounds of the array.,SimpleController.FixedUpdate () (at <a8210e2c524f4006b7abbb82895ebd2e>:0).  
35.22,Exception,IndexOutOfRangeException: Index was outside the bounds of the array.,SimpleController.FixedUpdate () (at <a8210e2c524f4006b7abbb82895ebd2e>:0).  
35.24,Exception,IndexOutOfRangeException: Index was outside the bounds of the array.,SimpleController.FixedUpdate () (at <a8210e2c524f4006b7abbb82895ebd2e>:0).  
35.26,Exception,IndexOutOfRangeException: Index was outside the bounds of the array.,SimpleController.FixedUpdate () (at <a8210e2c524f4006b7abbb82895ebd2e>:0).  
35.28,Exception,IndexOutOfRangeException: Index was outside the bounds of the array.,SimpleController.FixedUpdate () (at <a8210e2c524f4006b7abbb82895ebd2e>:0).  
35.3,Exception,IndexOutOfRangeException: Index was outside the bounds of the array.,SimpleController.FixedUpdate () (at <a8210e2c524f4006b7abbb82895ebd2e>:0).  
35.32,Exception,IndexOutOfRangeException: Index was outside the bounds of the array.,SimpleController.FixedUpdate () (at <a8210e2c524f4006b7abbb82895ebd2e>:0).  
35.34,Exception,IndexOutOfRangeException: Index was outside the bounds of the array.,SimpleController.FixedUpdate () (at <a8210e2c524f4006b7abbb82895ebd2e>:0).  
35.36,Exception,IndexOutOfRangeException: Index was outside the bounds of the array.,SimpleController.FixedUpdate () (at <a8210e2c524f4006b7abbb82895ebd2e>:0).  
35.38,Exception,IndexOutOfRangeException: Index was outside the bounds of the array.,SimpleController.FixedUpdate () (at <a8210e2c524f4006b7abbb82895ebd2e>:0).  
35.4,Exception,IndexOutOfRangeException: Index was outside the bounds of the array.,SimpleController.FixedUpdate () (at <a8210e2c524f4006b7abbb82895ebd2e>:0).  
35.42,Exception,IndexOutOfRangeException: Index was outside the bounds of the array.,SimpleController.FixedUpdate () (at <a8210e2c524f4006b7abbb82895ebd2e>:0).  
35.44,Exception,IndexOutOfRangeException: Index was outside the bounds of the array.,SimpleController.FixedUpdate () (at <a8210e2c524f4006b7abbb82895ebd2e>:0).  
35.46,Exception,IndexOutOfRangeException: Index was outside the bounds of the array.,SimpleController.FixedUpdate () (at <a8210e2c524f4006b7abbb82895ebd2e>:0).  
35.48,Exception,IndexOutOfRangeException: Index was outside the bounds of the array.,SimpleController.FixedUpdate () (at <a8210e2c524f4006b7abbb82895ebd2e>:0).  
35.5,Exception,IndexOutOfRangeException: Index was outside the bounds of the array.,SimpleController.FixedUpdate () (at <a8210e2c524f4006b7abbb82895ebd2e>:0).  
35.52,Exception,IndexOutOfRangeException: Index was outside the bounds of the array.,SimpleController.FixedUpdate () (at <a8210e2c524f4006b7abbb82895ebd2e>:0).  
35.54,Exception,IndexOutOfRangeException: Index was outside the bounds of the array.,SimpleController.FixedUpdate () (at <a8210e2c524f4006b7abbb82895ebd2e>:0).  
35.56,Exception,IndexOutOfRangeException: Index was outside the bounds of the array.,SimpleController.FixedUpdate () (at <a8210e2c524f4006b7abbb82895ebd2e>:0).  
35.58,Exception,IndexOutOfRangeException: Index was outside the bounds of the array.,SimpleController.FixedUpdate () (at <a8210e2c524f4006b7abbb82895ebd2e>:0).  
35.6,Exception,IndexOutOfRangeException: Index was outside the bounds of the array.,SimpleController.FixedUpdate () (at <a8210e2c524f4006b7abbb82895ebd2e>:0).  
35.62,Exception,IndexOutOfRangeException: Index was outside the bounds of the array.,SimpleController.FixedUpdate () (at <a8210e2c524f4006b7abbb82895ebd2e>:0).  
35.64,Exception,IndexOutOfRangeException: Index was outside the bounds of the array.,SimpleController.FixedUpdate () (at <a8210e2c524f4006b7abbb82895ebd2e>:0).  
35.66,Exception,IndexOutOfRangeException: Index was outside the bounds of the array.,SimpleController.FixedUpdate () (at <a8210e2c524f4006b7abbb82895ebd2e>:0).  
35.68,Exception,IndexOutOfRangeException: Index was outside the bounds of the array.,SimpleController.FixedUpdate () (at <a8210e2c524f4006b7abbb82895ebd2e>:0).  
35.7,Exception,IndexOutOfRangeException: Index was outside the bounds of the array.,SimpleController.FixedUpdate () (at <a8210e2c524f4006b7abbb82895ebd2e>:0).  
35.72,Exception,IndexOutOfRangeException: Index was outside the bounds of the array.,SimpleController.FixedUpdate () (at <a8210e2c524f4006b7abbb82895ebd2e>:0).  
35.74,Exception,IndexOutOfRangeException: Index was outside the bounds of the array.,SimpleController.FixedUpdate () (at <a8210e2c524f4006b7abbb82895ebd2e>:0).  
35.76,Exception,IndexOutOfRangeException: Index was outside the bounds of the array.,SimpleController.FixedUpdate () (at <a8210e2c524f4006b7abbb82895ebd2e>:0).  
35.78,Exception,IndexOutOfRangeException: Index was outside the bounds of the array.,SimpleController.FixedUpdate () (at <a8210e2c524f4006b7abbb82895ebd2e>:0).  
35.8,Exception,IndexOutOfRangeException: Index was outside the bounds of the array.,SimpleController.FixedUpdate () (at <a8210e2c524f4006b7abbb82895ebd2e>:0).  
35.82,Exception,IndexOutOfRangeException: Index was outside the bounds of the array.,SimpleController.FixedUpdate () (at <a8210e2c524f4006b7abbb82895ebd2e>:0).  
35.84,Exception,IndexOutOfRangeException: Index was outside the bounds of the array.,SimpleController.FixedUpdate () (at <a8210e2c524f4006b7abbb82895ebd2e>:0).  
35.86,Exception,IndexOutOfRangeException: Index was outside the bounds of the array.,SimpleController.FixedUpdate () (at <a8210e2c524f4006b7abbb82895ebd2e>:0).  
35.88,Exception,IndexOutOfRangeException: Index was outside the bounds of the array.,SimpleController.FixedUpdate () (at <a8210e2c524f4006b7abbb82895ebd2e>:0).  
35.9,Exception,IndexOutOfRangeException: Index was outside the bounds of the array.,SimpleController.FixedUpdate () (at <a8210e2c524f4006b7abbb82895ebd2e>:0).  
35.92,Exception,IndexOutOfRangeException: Index was outside the bounds of the array.,SimpleController.FixedUpdate () (at <a8210e2c524f4006b7abbb82895ebd2e>:0).  
35.94,Exception,IndexOutOfRangeException: Index was outside the bounds of the array.,SimpleController.FixedUpdate () (at <a8210e2c524f4006b7abbb82895ebd2e>:0).  
35.96,Exception,IndexOutOfRangeException: Index was outside the bounds of the array.,SimpleController.FixedUpdate () (at <a8210e2c524f4006b7abbb82895ebd2e>:0).  
35.98,Exception,IndexOutOfRangeException: Index was outside the bounds of the array.,SimpleController.FixedUpdate () (at <a8210e2c524f4006b7abbb82895ebd2e>:0).  
36,Exception,IndexOutOfRangeException: Index was outside the bounds of the array.,SimpleController.FixedUpdate () (at <a8210e2c524f4006b7abbb82895ebd2e>:0).  
36.02,Exception,IndexOutOfRangeException: Index was outside the bounds of the array.,SimpleController.FixedUpdate () (at <a8210e2c524f4006b7abbb82895ebd2e>:0).  
36.04,Exception,IndexOutOfRangeException: Index was outside the bounds of the array.,SimpleController.FixedUpdate () (at <a8210e2c524f4006b7abbb82895ebd2e>:0).  
36.06,Exception,IndexOutOfRangeException: Index was outside the bounds of the array.,SimpleController.FixedUpdate () (at <a8210e2c524f4006b7abbb82895ebd2e>:0).  
36.08,Exception,IndexOutOfRangeException: Index was outside the bounds of the array.,SimpleController.FixedUpdate () (at <a8210e2c524f4006b7abbb82895ebd2e>:0).  
36.1,Exception,IndexOutOfRangeException: Index was outside the bounds of the array.,SimpleController.FixedUpdate () (at <a8210e2c524f4006b7abbb82895ebd2e>:0).  
36.12,Exception,IndexOutOfRangeException: Index was outside the bounds of the array.,SimpleController.FixedUpdate () (at <a8210e2c524f4006b7abbb82895ebd2e>:0).  
36.14,Exception,IndexOutOfRangeException: Index was outside the bounds of the array.,SimpleController.FixedUpdate () (at <a8210e2c524f4006b7abbb82895ebd2e>:0).  
36.16,Exception,IndexOutOfRangeException: Index was outside the bounds of the array.,SimpleController.FixedUpdate () (at <a8210e2c524f4006b7abbb82895ebd2e>:0).  
36.18,Exception,IndexOutOfRangeException: Index was outside the bounds of the array.,SimpleController.FixedUpdate () (at <a8210e2c524f4006b7abbb82895ebd2e>:0).  
36.2,Exception,IndexOutOfRangeException: Index was outside the bounds of the array.,SimpleController.FixedUpdate () (at <a8210e2c524f4006b7abbb82895ebd2e>:0).  
36.22,Exception,IndexOutOfRangeException: Index was outside the bounds of the array.,SimpleController.FixedUpdate () (at <a8210e2c524f4006b7abbb82895ebd2e>:0).  
36.24,Exception,IndexOutOfRangeException: Index was outside the bounds of the array.,SimpleController.FixedUpdate () (at <a8210e2c524f4006b7abbb82895ebd2e>:0).  
36.26,Exception,IndexOutOfRangeException: Index was outside the bounds of the array.,SimpleController.FixedUpdate () (at <a8210e2c524f4006b7abbb82895ebd2e>:0).  
36.28,Exception,IndexOutOfRangeException: Index was outside the bounds of the array.,SimpleController.FixedUpdate () (at <a8210e2c524f4006b7abbb82895ebd2e>:0).  
36.3,Exception,IndexOutOfRangeException: Index was outside the bounds of the array.,SimpleController.FixedUpdate () (at <a8210e2c524f4006b7abbb82895ebd2e>:0).  
36.32,Exception,IndexOutOfRangeException: Index was outside the bounds of the array.,SimpleController.FixedUpdate () (at <a8210e2c524f4006b7abbb82895ebd2e>:0).  
36.34,Exception,IndexOutOfRangeException: Index was outside the bounds of the array.,SimpleController.FixedUpdate () (at <a8210e2c524f4006b7abbb82895ebd2e>:0).  
36.36,Exception,IndexOutOfRangeException: Index was outside the bounds of the array.,SimpleController.FixedUpdate () (at <a8210e2c524f4006b7abbb82895ebd2e>:0).  
36.38,Exception,IndexOutOfRangeException: Index was outside the bounds of the array.,SimpleController.FixedUpdate () (at <a8210e2c524f4006b7abbb82895ebd2e>:0).  
36.4,Exception,IndexOutOfRangeException: Index was outside the bounds of the array.,SimpleController.FixedUpdate () (at <a8210e2c524f4006b7abbb82895ebd2e>:0).  
36.42,Exception,IndexOutOfRangeException: Index was outside the bounds of the array.,SimpleController.FixedUpdate () (at <a8210e2c524f4006b7abbb82895ebd2e>:0).  
36.44,Exception,IndexOutOfRangeException: Index was outside the bounds of the array.,SimpleController.FixedUpdate () (at <a8210e2c524f4006b7abbb82895ebd2e>:0).  
36.46,Exception,IndexOutOfRangeException: Index was outside the bounds of the array.,SimpleController.FixedUpdate () (at <a8210e2c524f4006b7abbb82895ebd2e>:0).  
36.48,Exception,IndexOutOfRangeException: Index was outside the bounds of the array.,SimpleController.FixedUpdate () (at <a8210e2c524f4006b7abbb82895ebd2e>:0).  
36.5,Exception,IndexOutOfRangeException: Index was outside the bounds of the array.,SimpleController.FixedUpdate () (at <a8210e2c524f4006b7abbb82895ebd2e>:0).  
36.52,Exception,IndexOutOfRangeException: Index was outside the bounds of the array.,SimpleController.FixedUpdate () (at <a8210e2c524f4006b7abbb82895ebd2e>:0).  
36.54,Exception,IndexOutOfRangeException: Index was outside the bounds of the array.,SimpleController.FixedUpdate () (at <a8210e2c524f4006b7abbb82895ebd2e>:0).  
36.56,Exception,IndexOutOfRangeException: Index was outside the bounds of the array.,SimpleController.FixedUpdate () (at <a8210e2c524f4006b7abbb82895ebd2e>:0).  
36.58,Exception,IndexOutOfRangeException: Index was outside the bounds of the array.,SimpleController.FixedUpdate () (at <a8210e2c524f4006b7abbb82895ebd2e>:0).  
36.6,Exception,IndexOutOfRangeException: Index was outside the bounds of the array.,SimpleController.FixedUpdate () (at <a8210e2c524f4006b7abbb82895ebd2e>:0).  
36.62,Exception,IndexOutOfRangeException: Index was outside the bounds of the array.,SimpleController.FixedUpdate () (at <a8210e2c524f4006b7abbb82895ebd2e>:0).  
36.64,Exception,IndexOutOfRangeException: Index was outside the bounds of the array.,SimpleController.FixedUpdate () (at <a8210e2c524f4006b7abbb82895ebd2e>:0).  
36.66,Exception,IndexOutOfRangeException: Index was outside the bounds of the array.,SimpleController.FixedUpdate () (at <a8210e2c524f4006b7abbb82895ebd2e>:0).  
36.68,Exception,IndexOutOfRangeException: Index was outside the bounds of the array.,SimpleController.FixedUpdate () (at <a8210e2c524f4006b7abbb82895ebd2e>:0).  
36.7,Exception,IndexOutOfRangeException: Index was outside the bounds of the array.,SimpleController.FixedUpdate () (at <a8210e2c524f4006b7abbb82895ebd2e>:0).  
36.72,Exception,IndexOutOfRangeException: Index was outside the bounds of the array.,SimpleController.FixedUpdate () (at <a8210e2c524f4006b7abbb82895ebd2e>:0).  
36.74,Exception,IndexOutOfRangeException: Index was outside the bounds of the array.,SimpleController.FixedUpdate () (at <a8210e2c524f4006b7abbb82895ebd2e>:0).  
36.76,Exception,IndexOutOfRangeException: Index was outside the bounds of the array.,SimpleController.FixedUpdate () (at <a8210e2c524f4006b7abbb82895ebd2e>:0).  
36.78,Exception,IndexOutOfRangeException: Index was outside the bounds of the array.,SimpleController.FixedUpdate () (at <a8210e2c524f4006b7abbb82895ebd2e>:0).  
36.8,Exception,IndexOutOfRangeException: Index was outside the bounds of the array.,SimpleController.FixedUpdate () (at <a8210e2c524f4006b7abbb82895ebd2e>:0).  
36.82,Exception,IndexOutOfRangeException: Index was outside the bounds of the array.,SimpleController.FixedUpdate () (at <a8210e2c524f4006b7abbb82895ebd2e>:0).  
36.84,Exception,IndexOutOfRangeException: Index was outside the bounds of the array.,SimpleController.FixedUpdate () (at <a8210e2c524f4006b7abbb82895ebd2e>:0).  
36.86,Exception,IndexOutOfRangeException: Index was outside the bounds of the array.,SimpleController.FixedUpdate () (at <a8210e2c524f4006b7abbb82895ebd2e>:0).  
36.88,Exception,IndexOutOfRangeException: Index was outside the bounds of the array.,SimpleController.FixedUpdate () (at <a8210e2c524f4006b7abbb82895ebd2e>:0).  
36.9,Exception,IndexOutOfRangeException: Index was outside the bounds of the array.,SimpleController.FixedUpdate () (at <a8210e2c524f4006b7abbb82895ebd2e>:0).  
36.92,Exception,IndexOutOfRangeException: Index was outside the bounds of the array.,SimpleController.FixedUpdate () (at <a8210e2c524f4006b7abbb82895ebd2e>:0).  
36.94,Exception,IndexOutOfRangeException: Index was outside the bounds of the array.,SimpleController.FixedUpdate () (at <a8210e2c524f4006b7abbb82895ebd2e>:0).  
36.96,Exception,IndexOutOfRangeException: Index was outside the bounds of the array.,SimpleController.FixedUpdate () (at <a8210e2c524f4006b7abbb82895ebd2e>:0).  
36.98,Exception,IndexOutOfRangeException: Index was outside the bounds of the array.,SimpleController.FixedUpdate () (at <a8210e2c524f4006b7abbb82895ebd2e>:0).  
37,Exception,IndexOutOfRangeException: Index was outside the bounds of the array.,SimpleController.FixedUpdate () (at <a8210e2c524f4006b7abbb82895ebd2e>:0).  
37.02,Exception,IndexOutOfRangeException: Index was outside the bounds of the array.,SimpleController.FixedUpdate () (at <a8210e2c524f4006b7abbb82895ebd2e>:0).  
37.04,Exception,IndexOutOfRangeException: Index was outside the bounds of the array.,SimpleController.FixedUpdate () (at <a8210e2c524f4006b7abbb82895ebd2e>:0).  
37.06,Exception,IndexOutOfRangeException: Index was outside the bounds of the array.,SimpleController.FixedUpdate () (at <a8210e2c524f4006b7abbb82895ebd2e>:0).  
37.08,Exception,IndexOutOfRangeException: Index was outside the bounds of the array.,SimpleController.FixedUpdate () (at <a8210e2c524f4006b7abbb82895ebd2e>:0).  
37.1,Exception,IndexOutOfRangeException: Index was outside the bounds of the array.,SimpleController.FixedUpdate () (at <a8210e2c524f4006b7abbb82895ebd2e>:0).  
37.12,Exception,IndexOutOfRangeException: Index was outside the bounds of the array.,SimpleController.FixedUpdate () (at <a8210e2c524f4006b7abbb82895ebd2e>:0).  
37.14,Exception,IndexOutOfRangeException: Index was outside the bounds of the array.,SimpleController.FixedUpdate () (at <a8210e2c524f4006b7abbb82895ebd2e>:0).  
37.16,Exception,IndexOutOfRangeException: Index was outside the bounds of the array.,SimpleController.FixedUpdate () (at <a8210e2c524f4006b7abbb82895ebd2e>:0).  
37.18,Exception,IndexOutOfRangeException: Index was outside the bounds of the array.,SimpleController.FixedUpdate () (at <a8210e2c524f4006b7abbb82895ebd2e>:0).  
37.2,Exception,IndexOutOfRangeException: Index was outside the bounds of the array.,SimpleController.FixedUpdate () (at <a8210e2c524f4006b7abbb82895ebd2e>:0).  
37.22,Exception,IndexOutOfRangeException: Index was outside the bounds of the array.,SimpleController.FixedUpdate () (at <a8210e2c524f4006b7abbb82895ebd2e>:0).  
37.24,Exception,IndexOutOfRangeException: Index was outside the bounds of the array.,SimpleController.FixedUpdate () (at <a8210e2c524f4006b7abbb82895ebd2e>:0).  
37.26,Exception,IndexOutOfRangeException: Index was outside the bounds of the array.,SimpleController.FixedUpdate () (at <a8210e2c524f4006b7abbb82895ebd2e>:0).  
37.28,Exception,IndexOutOfRangeException: Index was outside the bounds of the array.,SimpleController.FixedUpdate () (at <a8210e2c524f4006b7abbb82895ebd2e>:0).  
37.3,Exception,IndexOutOfRangeException: Index was outside the bounds of the array.,SimpleController.FixedUpdate () (at <a8210e2c524f4006b7abbb82895ebd2e>:0).  
37.32,Exception,IndexOutOfRangeException: Index was outside the bounds of the array.,SimpleController.FixedUpdate () (at <a8210e2c524f4006b7abbb82895ebd2e>:0).  
37.34,Exception,IndexOutOfRangeException: Index was outside the bounds of the array.,SimpleController.FixedUpdate () (at <a8210e2c524f4006b7abbb82895ebd2e>:0).  
37.36,Exception,IndexOutOfRangeException: Index was outside the bounds of the array.,SimpleController.FixedUpdate () (at <a8210e2c524f4006b7abbb82895ebd2e>:0).  
37.38,Exception,IndexOutOfRangeException: Index was outside the bounds of the array.,SimpleController.FixedUpdate () (at <a8210e2c524f4006b7abbb82895ebd2e>:0).  
37.4,Exception,IndexOutOfRangeException: Index was outside the bounds of the array.,SimpleController.FixedUpdate () (at <a8210e2c524f4006b7abbb82895ebd2e>:0).  
37.42,Exception,IndexOutOfRangeException: Index was outside the bounds of the array.,SimpleController.FixedUpdate () (at <a8210e2c524f4006b7abbb82895ebd2e>:0).  
37.44,Exception,IndexOutOfRangeException: Index was outside the bounds of the array.,SimpleController.FixedUpdate () (at <a8210e2c524f4006b7abbb82895ebd2e>:0).  
37.46,Exception,IndexOutOfRangeException: Index was outside the bounds of the array.,SimpleController.FixedUpdate () (at <a8210e2c524f4006b7abbb82895ebd2e>:0).  
37.48,Exception,IndexOutOfRangeException: Index was outside the bounds of the array.,SimpleController.FixedUpdate () (at <a8210e2c524f4006b7abbb82895ebd2e>:0).  
37.5,Exception,IndexOutOfRangeException: Index was outside the bounds of the array.,SimpleController.FixedUpdate () (at <a8210e2c524f4006b7abbb82895ebd2e>:0).  
37.52,Exception,IndexOutOfRangeException: Index was outside the bounds of the array.,SimpleController.FixedUpdate () (at <a8210e2c524f4006b7abbb82895ebd2e>:0).  
37.54,Exception,IndexOutOfRangeException: Index was outside the bounds of the array.,SimpleController.FixedUpdate () (at <a8210e2c524f4006b7abbb82895ebd2e>:0).  
37.56,Exception,IndexOutOfRangeException: Index was outside the bounds of the array.,SimpleController.FixedUpdate () (at <a8210e2c524f4006b7abbb82895ebd2e>:0).  
37.58,Exception,IndexOutOfRangeException: Index was outside the bounds of the array.,SimpleController.FixedUpdate () (at <a8210e2c524f4006b7abbb82895ebd2e>:0).  
37.6,Exception,IndexOutOfRangeException: Index was outside the bounds of the array.,SimpleController.FixedUpdate () (at <a8210e2c524f4006b7abbb82895ebd2e>:0).  
37.62,Exception,IndexOutOfRangeException: Index was outside the bounds of the array.,SimpleController.FixedUpdate () (at <a8210e2c524f4006b7abbb82895ebd2e>:0).  
37.64,Exception,IndexOutOfRangeException: Index was outside the bounds of the array.,SimpleController.FixedUpdate () (at <a8210e2c524f4006b7abbb82895ebd2e>:0).  
37.66,Exception,IndexOutOfRangeException: Index was outside the bounds of the array.,SimpleController.FixedUpdate () (at <a8210e2c524f4006b7abbb82895ebd2e>:0).  
37.68,Exception,IndexOutOfRangeException: Index was outside the bounds of the array.,SimpleController.FixedUpdate () (at <a8210e2c524f4006b7abbb82895ebd2e>:0).  
37.7,Exception,IndexOutOfRangeException: Index was outside the bounds of the array.,SimpleController.FixedUpdate () (at <a8210e2c524f4006b7abbb82895ebd2e>:0).  
37.72,Exception,IndexOutOfRangeException: Index was outside the bounds of the array.,SimpleController.FixedUpdate () (at <a8210e2c524f4006b7abbb82895ebd2e>:0).  
37.74,Exception,IndexOutOfRangeException: Index was outside the bounds of the array.,SimpleController.FixedUpdate () (at <a8210e2c524f4006b7abbb82895ebd2e>:0).  
37.76,Exception,IndexOutOfRangeException: Index was outside the bounds of the array.,SimpleController.FixedUpdate () (at <a8210e2c524f4006b7abbb82895ebd2e>:0).  
37.78,Exception,IndexOutOfRangeException: Index was outside the bounds of the array.,SimpleController.FixedUpdate () (at <a8210e2c524f4006b7abbb82895ebd2e>:0).  
37.8,Exception,IndexOutOfRangeException: Index was outside the bounds of the array.,SimpleController.FixedUpdate () (at <a8210e2c524f4006b7abbb82895ebd2e>:0).  
37.82,Exception,IndexOutOfRangeException: Index was outside the bounds of the array.,SimpleController.FixedUpdate () (at <a8210e2c524f4006b7abbb82895ebd2e>:0).  
37.84,Exception,IndexOutOfRangeException: Index was outside the bounds of the array.,SimpleController.FixedUpdate () (at <a8210e2c524f4006b7abbb82895ebd2e>:0).  
37.86,Exception,IndexOutOfRangeException: Index was outside the bounds of the array.,SimpleController.FixedUpdate () (at <a8210e2c524f4006b7abbb82895ebd2e>:0).  
37.88,Exception,IndexOutOfRangeException: Index was outside the bounds of the array.,SimpleController.FixedUpdate () (at <a8210e2c524f4006b7abbb82895ebd2e>:0).  
37.9,Exception,IndexOutOfRangeException: Index was outside the bounds of the array.,SimpleController.FixedUpdate () (at <a8210e2c524f4006b7abbb82895ebd2e>:0).  
37.92,Exception,IndexOutOfRangeException: Index was outside the bounds of the array.,SimpleController.FixedUpdate () (at <a8210e2c524f4006b7abbb82895ebd2e>:0).  
37.94,Exception,IndexOutOfRangeException: Index was outside the bounds of the array.,SimpleController.FixedUpdate () (at <a8210e2c524f4006b7abbb82895ebd2e>:0).  
37.96,Exception,IndexOutOfRangeException: Index was outside the bounds of the array.,SimpleController.FixedUpdate () (at <a8210e2c524f4006b7abbb82895ebd2e>:0).  
37.98,Exception,IndexOutOfRangeException: Index was outside the bounds of the array.,SimpleController.FixedUpdate () (at <a8210e2c524f4006b7abbb82895ebd2e>:0).  
38,Exception,IndexOutOfRangeException: Index was outside the bounds of the array.,SimpleController.FixedUpdate () (at <a8210e2c524f4006b7abbb82895ebd2e>:0).  
38.02,Exception,IndexOutOfRangeException: Index was outside the bounds of the array.,SimpleController.FixedUpdate () (at <a8210e2c524f4006b7abbb82895ebd2e>:0).  
38.04,Exception,IndexOutOfRangeException: Index was outside the bounds of the array.,SimpleController.FixedUpdate () (at <a8210e2c524f4006b7abbb82895ebd2e>:0).  
38.06,Exception,IndexOutOfRangeException: Index was outside the bounds of the array.,SimpleController.FixedUpdate () (at <a8210e2c524f4006b7abbb82895ebd2e>:0).  
38.08,Exception,IndexOutOfRangeException: Index was outside the bounds of the array.,SimpleController.FixedUpdate () (at <a8210e2c524f4006b7abbb82895ebd2e>:0).  
38.1,Exception,IndexOutOfRangeException: Index was outside the bounds of the array.,SimpleController.FixedUpdate () (at <a8210e2c524f4006b7abbb82895ebd2e>:0).  
38.12,Exception,IndexOutOfRangeException: Index was outside the bounds of the array.,SimpleController.FixedUpdate () (at <a8210e2c524f4006b7abbb82895ebd2e>:0).  
38.14,Exception,IndexOutOfRangeException: Index was outside the bounds of the array.,SimpleController.FixedUpdate () (at <a8210e2c524f4006b7abbb82895ebd2e>:0).  
38.16,Exception,IndexOutOfRangeException: Index was outside the bounds of the array.,SimpleController.FixedUpdate () (at <a8210e2c524f4006b7abbb82895ebd2e>:0).  
38.18,Exception,IndexOutOfRangeException: Index was outside the bounds of the array.,SimpleController.FixedUpdate () (at <a8210e2c524f4006b7abbb82895ebd2e>:0).  
38.2,Exception,IndexOutOfRangeException: Index was outside the bounds of the array.,SimpleController.FixedUpdate () (at <a8210e2c524f4006b7abbb82895ebd2e>:0).  
38.22,Exception,IndexOutOfRangeException: Index was outside the bounds of the array.,SimpleController.FixedUpdate () (at <a8210e2c524f4006b7abbb82895ebd2e>:0).  
38.24,Exception,IndexOutOfRangeException: Index was outside the bounds of the array.,SimpleController.FixedUpdate () (at <a8210e2c524f4006b7abbb82895ebd2e>:0).  
38.26,Exception,IndexOutOfRangeException: Index was outside the bounds of the array.,SimpleController.FixedUpdate () (at <a8210e2c524f4006b7abbb82895ebd2e>:0).  
38.28,Exception,IndexOutOfRangeException: Index was outside the bounds of the array.,SimpleController.FixedUpdate () (at <a8210e2c524f4006b7abbb82895ebd2e>:0).  
38.3,Exception,IndexOutOfRangeException: Index was outside the bounds of the array.,SimpleController.FixedUpdate () (at <a8210e2c524f4006b7abbb82895ebd2e>:0).  
38.32,Exception,IndexOutOfRangeException: Index was outside the bounds of the array.,SimpleController.FixedUpdate () (at <a8210e2c524f4006b7abbb82895ebd2e>:0).  
38.34,Exception,IndexOutOfRangeException: Index was outside the bounds of the array.,SimpleController.FixedUpdate () (at <a8210e2c524f4006b7abbb82895ebd2e>:0).  
38.36,Exception,IndexOutOfRangeException: Index was outside the bounds of the array.,SimpleController.FixedUpdate () (at <a8210e2c524f4006b7abbb82895ebd2e>:0).  
38.38,Exception,IndexOutOfRangeException: Index was outside the bounds of the array.,SimpleController.FixedUpdate () (at <a8210e2c524f4006b7abbb82895ebd2e>:0).  
38.4,Exception,IndexOutOfRangeException: Index was outside the bounds of the array.,SimpleController.FixedUpdate () (at <a8210e2c524f4006b7abbb82895ebd2e>:0).  
38.42,Exception,IndexOutOfRangeException: Index was outside the bounds of the array.,SimpleController.FixedUpdate () (at <a8210e2c524f4006b7abbb82895ebd2e>:0).  
38.44,Exception,IndexOutOfRangeException: Index was outside the bounds of the array.,SimpleController.FixedUpdate () (at <a8210e2c524f4006b7abbb82895ebd2e>:0).  
38.46,Exception,IndexOutOfRangeException: Index was outside the bounds of the array.,SimpleController.FixedUpdate () (at <a8210e2c524f4006b7abbb82895ebd2e>:0).  
38.48,Exception,IndexOutOfRangeException: Index was outside the bounds of the array.,SimpleController.FixedUpdate () (at <a8210e2c524f4006b7abbb82895ebd2e>:0).  
38.5,Exception,IndexOutOfRangeException: Index was outside the bounds of the array.,SimpleController.FixedUpdate () (at <a8210e2c524f4006b7abbb82895ebd2e>:0).  
38.52,Exception,IndexOutOfRangeException: Index was outside the bounds of the array.,SimpleController.FixedUpdate () (at <a8210e2c524f4006b7abbb82895ebd2e>:0).  
38.54,Exception,IndexOutOfRangeException: Index was outside the bounds of the array.,SimpleController.FixedUpdate () (at <a8210e2c524f4006b7abbb82895ebd2e>:0).  
38.56,Exception,IndexOutOfRangeException: Index was outside the bounds of the array.,SimpleController.FixedUpdate () (at <a8210e2c524f4006b7abbb82895ebd2e>:0).  
38.58,Exception,IndexOutOfRangeException: Index was outside the bounds of the array.,SimpleController.FixedUpdate () (at <a8210e2c524f4006b7abbb82895ebd2e>:0).  
38.6,Exception,IndexOutOfRangeException: Index was outside the bounds of the array.,SimpleController.FixedUpdate () (at <a8210e2c524f4006b7abbb82895ebd2e>:0).  
38.62,Exception,IndexOutOfRangeException: Index was outside the bounds of the array.,SimpleController.FixedUpdate () (at <a8210e2c524f4006b7abbb82895ebd2e>:0).  
38.64,Exception,IndexOutOfRangeException: Index was outside the bounds of the array.,SimpleController.FixedUpdate () (at <a8210e2c524f4006b7abbb82895ebd2e>:0).  
38.66,Exception,IndexOutOfRangeException: Index was outside the bounds of the array.,SimpleController.FixedUpdate () (at <a8210e2c524f4006b7abbb82895ebd2e>:0).  
38.68,Exception,IndexOutOfRangeException: Index was outside the bounds of the array.,SimpleController.FixedUpdate () (at <a8210e2c524f4006b7abbb82895ebd2e>:0).  
38.7,Exception,IndexOutOfRangeException: Index was outside the bounds of the array.,SimpleController.FixedUpdate () (at <a8210e2c524f4006b7abbb82895ebd2e>:0).  
38.72,Exception,IndexOutOfRangeException: Index was outside the bounds of the array.,SimpleController.FixedUpdate () (at <a8210e2c524f4006b7abbb82895ebd2e>:0).  
38.74,Exception,IndexOutOfRangeException: Index was outside the bounds of the array.,SimpleController.FixedUpdate () (at <a8210e2c524f4006b7abbb82895ebd2e>:0).  
38.76,Exception,IndexOutOfRangeException: Index was outside the bounds of the array.,SimpleController.FixedUpdate () (at <a8210e2c524f4006b7abbb82895ebd2e>:0).  
38.78,Exception,IndexOutOfRangeException: Index was outside the bounds of the array.,SimpleController.FixedUpdate () (at <a8210e2c524f4006b7abbb82895ebd2e>:0).  
38.8,Exception,IndexOutOfRangeException: Index was outside the bounds of the array.,SimpleController.FixedUpdate () (at <a8210e2c524f4006b7abbb82895ebd2e>:0).  
38.82,Exception,IndexOutOfRangeException: Index was outside the bounds of the array.,SimpleController.FixedUpdate () (at <a8210e2c524f4006b7abbb82895ebd2e>:0).  
38.84,Exception,IndexOutOfRangeException: Index was outside the bounds of the array.,SimpleController.FixedUpdate () (at <a8210e2c524f4006b7abbb82895ebd2e>:0).  
38.86,Exception,IndexOutOfRangeException: Index was outside the bounds of the array.,SimpleController.FixedUpdate () (at <a8210e2c524f4006b7abbb82895ebd2e>:0).  
38.88,Exception,IndexOutOfRangeException: Index was outside the bounds of the array.,SimpleController.FixedUpdate () (at <a8210e2c524f4006b7abbb82895ebd2e>:0).  
38.9,Exception,IndexOutOfRangeException: Index was outside the bounds of the array.,SimpleController.FixedUpdate () (at <a8210e2c524f4006b7abbb82895ebd2e>:0).  
38.92,Exception,IndexOutOfRangeException: Index was outside the bounds of the array.,SimpleController.FixedUpdate () (at <a8210e2c524f4006b7abbb82895ebd2e>:0).  
38.94,Exception,IndexOutOfRangeException: Index was outside the bounds of the array.,SimpleController.FixedUpdate () (at <a8210e2c524f4006b7abbb82895ebd2e>:0).  
38.96,Exception,IndexOutOfRangeException: Index was outside the bounds of the array.,SimpleController.FixedUpdate () (at <a8210e2c524f4006b7abbb82895ebd2e>:0).  
38.98,Exception,IndexOutOfRangeException: Index was outside the bounds of the array.,SimpleController.FixedUpdate () (at <a8210e2c524f4006b7abbb82895ebd2e>:0).  
39,Exception,IndexOutOfRangeException: Index was outside the bounds of the array.,SimpleController.FixedUpdate () (at <a8210e2c524f4006b7abbb82895ebd2e>:0).  
39.02,Exception,IndexOutOfRangeException: Index was outside the bounds of the array.,SimpleController.FixedUpdate () (at <a8210e2c524f4006b7abbb82895ebd2e>:0).  
39.04,Exception,IndexOutOfRangeException: Index was outside the bounds of the array.,SimpleController.FixedUpdate () (at <a8210e2c524f4006b7abbb82895ebd2e>:0).  
39.06,Exception,IndexOutOfRangeException: Index was outside the bounds of the array.,SimpleController.FixedUpdate () (at <a8210e2c524f4006b7abbb82895ebd2e>:0).  
39.08,Exception,IndexOutOfRangeException: Index was outside the bounds of the array.,SimpleController.FixedUpdate () (at <a8210e2c524f4006b7abbb82895ebd2e>:0).  
39.1,Exception,IndexOutOfRangeException: Index was outside the bounds of the array.,SimpleController.FixedUpdate () (at <a8210e2c524f4006b7abbb82895ebd2e>:0).  
39.12,Exception,IndexOutOfRangeException: Index was outside the bounds of the array.,SimpleController.FixedUpdate () (at <a8210e2c524f4006b7abbb82895ebd2e>:0).  
39.14,Exception,IndexOutOfRangeException: Index was outside the bounds of the array.,SimpleController.FixedUpdate () (at <a8210e2c524f4006b7abbb82895ebd2e>:0).  
39.16,Exception,IndexOutOfRangeException: Index was outside the bounds of the array.,SimpleController.FixedUpdate () (at <a8210e2c524f4006b7abbb82895ebd2e>:0).  
39.18,Exception,IndexOutOfRangeException: Index was outside the bounds of the array.,SimpleController.FixedUpdate () (at <a8210e2c524f4006b7abbb82895ebd2e>:0).  
39.2,Exception,IndexOutOfRangeException: Index was outside the bounds of the array.,SimpleController.FixedUpdate () (at <a8210e2c524f4006b7abbb82895ebd2e>:0).  
39.22,Exception,IndexOutOfRangeException: Index was outside the bounds of the array.,SimpleController.FixedUpdate () (at <a8210e2c524f4006b7abbb82895ebd2e>:0).  
39.24,Exception,IndexOutOfRangeException: Index was outside the bounds of the array.,SimpleController.FixedUpdate () (at <a8210e2c524f4006b7abbb82895ebd2e>:0).  
39.26,Exception,IndexOutOfRangeException: Index was outside the bounds of the array.,SimpleController.FixedUpdate () (at <a8210e2c524f4006b7abbb82895ebd2e>:0).  
39.28,Exception,IndexOutOfRangeException: Index was outside the bounds of the array.,SimpleController.FixedUpdate () (at <a8210e2c524f4006b7abbb82895ebd2e>:0).  
39.3,Exception,IndexOutOfRangeException: Index was outside the bounds of the array.,SimpleController.FixedUpdate () (at <a8210e2c524f4006b7abbb82895ebd2e>:0).  
39.32,Exception,IndexOutOfRangeException: Index was outside the bounds of the array.,SimpleController.FixedUpdate () (at <a8210e2c524f4006b7abbb82895ebd2e>:0).  
39.34,Exception,IndexOutOfRangeException: Index was outside the bounds of the array.,SimpleController.FixedUpdate () (at <a8210e2c524f4006b7abbb82895ebd2e>:0).  
39.36,Exception,IndexOutOfRangeException: Index was outside the bounds of the array.,SimpleController.FixedUpdate () (at <a8210e2c524f4006b7abbb82895ebd2e>:0).  
39.38,Exception,IndexOutOfRangeException: Index was outside the bounds of the array.,SimpleController.FixedUpdate () (at <a8210e2c524f4006b7abbb82895ebd2e>:0).  
39.4,Exception,IndexOutOfRangeException: Index was outside the bounds of the array.,SimpleController.FixedUpdate () (at <a8210e2c524f4006b7abbb82895ebd2e>:0).  
39.42,Exception,IndexOutOfRangeException: Index was outside the bounds of the array.,SimpleController.FixedUpdate () (at <a8210e2c524f4006b7abbb82895ebd2e>:0).  
39.44,Exception,IndexOutOfRangeException: Index was outside the bounds of the array.,SimpleController.FixedUpdate () (at <a8210e2c524f4006b7abbb82895ebd2e>:0).  
39.46,Exception,IndexOutOfRangeException: Index was outside the bounds of the array.,SimpleController.FixedUpdate () (at <a8210e2c524f4006b7abbb82895ebd2e>:0).  
39.48,Exception,IndexOutOfRangeException: Index was outside the bounds of the array.,SimpleController.FixedUpdate () (at <a8210e2c524f4006b7abbb82895ebd2e>:0).  
39.5,Exception,IndexOutOfRangeException: Index was outside the bounds of the array.,SimpleController.FixedUpdate () (at <a8210e2c524f4006b7abbb82895ebd2e>:0).  
39.52,Exception,IndexOutOfRangeException: Index was outside the bounds of the array.,SimpleController.FixedUpdate () (at <a8210e2c524f4006b7abbb82895ebd2e>:0).  
39.54,Exception,IndexOutOfRangeException: Index was outside the bounds of the array.,SimpleController.FixedUpdate () (at <a8210e2c524f4006b7abbb82895ebd2e>:0).  
39.56,Exception,IndexOutOfRangeException: Index was outside the bounds of the array.,SimpleController.FixedUpdate () (at <a8210e2c524f4006b7abbb82895ebd2e>:0).  
39.58,Exception,IndexOutOfRangeException: Index was outside the bounds of the array.,SimpleController.FixedUpdate () (at <a8210e2c524f4006b7abbb82895ebd2e>:0).  
39.6,Exception,IndexOutOfRangeException: Index was outside the bounds of the array.,SimpleController.FixedUpdate () (at <a8210e2c524f4006b7abbb82895ebd2e>:0).  
39.62,Exception,IndexOutOfRangeException: Index was outside the bounds of the array.,SimpleController.FixedUpdate () (at <a8210e2c524f4006b7abbb82895ebd2e>:0).  
39.64,Exception,IndexOutOfRangeException: Index was outside the bounds of the array.,SimpleController.FixedUpdate () (at <a8210e2c524f4006b7abbb82895ebd2e>:0).  
39.66,Exception,IndexOutOfRangeException: Index was outside the bounds of the array.,SimpleController.FixedUpdate () (at <a8210e2c524f4006b7abbb82895ebd2e>:0).  
39.68,Exception,IndexOutOfRangeException: Index was outside the bounds of the array.,SimpleController.FixedUpdate () (at <a8210e2c524f4006b7abbb82895ebd2e>:0).  
39.7,Exception,IndexOutOfRangeException: Index was outside the bounds of the array.,SimpleController.FixedUpdate () (at <a8210e2c524f4006b7abbb82895ebd2e>:0).  
39.72,Exception,IndexOutOfRangeException: Index was outside the bounds of the array.,SimpleController.FixedUpdate () (at <a8210e2c524f4006b7abbb82895ebd2e>:0).  
39.74,Exception,IndexOutOfRangeException: Index was outside the bounds of the array.,SimpleController.FixedUpdate () (at <a8210e2c524f4006b7abbb82895ebd2e>:0).  
39.76,Exception,IndexOutOfRangeException: Index was outside the bounds of the array.,SimpleController.FixedUpdate () (at <a8210e2c524f4006b7abbb82895ebd2e>:0).  
39.78,Exception,IndexOutOfRangeException: Index was outside the bounds of the array.,SimpleController.FixedUpdate () (at <a8210e2c524f4006b7abbb82895ebd2e>:0).  
39.8,Exception,IndexOutOfRangeException: Index was outside the bounds of the array.,SimpleController.FixedUpdate () (at <a8210e2c524f4006b7abbb82895ebd2e>:0).  
39.82,Exception,IndexOutOfRangeException: Index was outside the bounds of the array.,SimpleController.FixedUpdate () (at <a8210e2c524f4006b7abbb82895ebd2e>:0).  
39.84,Exception,IndexOutOfRangeException: Index was outside the bounds of the array.,SimpleController.FixedUpdate () (at <a8210e2c524f4006b7abbb82895ebd2e>:0).  
39.86,Exception,IndexOutOfRangeException: Index was outside the bounds of the array.,SimpleController.FixedUpdate () (at <a8210e2c524f4006b7abbb82895ebd2e>:0).  
39.88,Exception,IndexOutOfRangeException: Index was outside the bounds of the array.,SimpleController.FixedUpdate () (at <a8210e2c524f4006b7abbb82895ebd2e>:0).  
39.9,Exception,IndexOutOfRangeException: Index was outside the bounds of the array.,SimpleController.FixedUpdate () (at <a8210e2c524f4006b7abbb82895ebd2e>:0).  
39.92,Exception,IndexOutOfRangeException: Index was outside the bounds of the array.,SimpleController.FixedUpdate () (at <a8210e2c524f4006b7abbb82895ebd2e>:0).  
39.94,Exception,IndexOutOfRangeException: Index was outside the bounds of the array.,SimpleController.FixedUpdate () (at <a8210e2c524f4006b7abbb82895ebd2e>:0).  
39.96,Exception,IndexOutOfRangeException: Index was outside the bounds of the array.,SimpleController.FixedUpdate () (at <a8210e2c524f4006b7abbb82895ebd2e>:0).  
39.98,Exception,IndexOutOfRangeException: Index was outside the bounds of the array.,SimpleController.FixedUpdate () (at <a8210e2c524f4006b7abbb82895ebd2e>:0).  
40,Exception,IndexOutOfRangeException: Index was outside the bounds of the array.,SimpleController.FixedUpdate () (at <a8210e2c524f4006b7abbb82895ebd2e>:0).  
40.02,Exception,IndexOutOfRangeException: Index was outside the bounds of the array.,SimpleController.FixedUpdate () (at <a8210e2c524f4006b7abbb82895ebd2e>:0).  
40.04,Exception,IndexOutOfRangeException: Index was outside the bounds of the array.,SimpleController.FixedUpdate () (at <a8210e2c524f4006b7abbb82895ebd2e>:0).  
40.06,Exception,IndexOutOfRangeException: Index was outside the bounds of the array.,SimpleController.FixedUpdate () (at <a8210e2c524f4006b7abbb82895ebd2e>:0).  
40.08,Exception,IndexOutOfRangeException: Index was outside the bounds of the array.,SimpleController.FixedUpdate () (at <a8210e2c524f4006b7abbb82895ebd2e>:0).  
40.1,Exception,IndexOutOfRangeException: Index was outside the bounds of the array.,SimpleController.FixedUpdate () (at <a8210e2c524f4006b7abbb82895ebd2e>:0).  
40.12,Exception,IndexOutOfRangeException: Index was outside the bounds of the array.,SimpleController.FixedUpdate () (at <a8210e2c524f4006b7abbb82895ebd2e>:0).  
40.14,Exception,IndexOutOfRangeException: Index was outside the bounds of the array.,SimpleController.FixedUpdate () (at <a8210e2c524f4006b7abbb82895ebd2e>:0).  
40.16,Exception,IndexOutOfRangeException: Index was outside the bounds of the array.,SimpleController.FixedUpdate () (at <a8210e2c524f4006b7abbb82895ebd2e>:0).  
40.18,Exception,IndexOutOfRangeException: Index was outside the bounds of the array.,SimpleController.FixedUpdate () (at <a8210e2c524f4006b7abbb82895ebd2e>:0).  
40.2,Exception,IndexOutOfRangeException: Index was outside the bounds of the array.,SimpleController.FixedUpdate () (at <a8210e2c524f4006b7abbb82895ebd2e>:0).  
40.22,Exception,IndexOutOfRangeException: Index was outside the bounds of the array.,SimpleController.FixedUpdate () (at <a8210e2c524f4006b7abbb82895ebd2e>:0).  
40.24,Exception,IndexOutOfRangeException: Index was outside the bounds of the array.,SimpleController.FixedUpdate () (at <a8210e2c524f4006b7abbb82895ebd2e>:0).  
40.26,Exception,IndexOutOfRangeException: Index was outside the bounds of the array.,SimpleController.FixedUpdate () (at <a8210e2c524f4006b7abbb82895ebd2e>:0).  
40.28,Exception,IndexOutOfRangeException: Index was outside the bounds of the array.,SimpleController.FixedUpdate () (at <a8210e2c524f4006b7abbb82895ebd2e>:0).  
40.3,Exception,IndexOutOfRangeException: Index was outside the bounds of the array.,SimpleController.FixedUpdate () (at <a8210e2c524f4006b7abbb82895ebd2e>:0).  
40.32,Exception,IndexOutOfRangeException: Index was outside the bounds of the array.,SimpleController.FixedUpdate () (at <a8210e2c524f4006b7abbb82895ebd2e>:0).  
40.34,Exception,IndexOutOfRangeException: Index was outside the bounds of the array.,SimpleController.FixedUpdate () (at <a8210e2c524f4006b7abbb82895ebd2e>:0).  
40.36,Exception,IndexOutOfRangeException: Index was outside the bounds of the array.,SimpleController.FixedUpdate () (at <a8210e2c524f4006b7abbb82895ebd2e>:0).  
40.38,Exception,IndexOutOfRangeException: Index was outside the bounds of the array.,SimpleController.FixedUpdate () (at <a8210e2c524f4006b7abbb82895ebd2e>:0).  
40.4,Exception,IndexOutOfRangeException: Index was outside the bounds of the array.,SimpleController.FixedUpdate () (at <a8210e2c524f4006b7abbb82895ebd2e>:0).  
40.42,Exception,IndexOutOfRangeException: Index was outside the bounds of the array.,SimpleController.FixedUpdate () (at <a8210e2c524f4006b7abbb82895ebd2e>:0).  
40.44,Exception,IndexOutOfRangeException: Index was outside the bounds of the array.,SimpleController.FixedUpdate () (at <a8210e2c524f4006b7abbb82895ebd2e>:0).  
40.46,Exception,IndexOutOfRangeException: Index was outside the bounds of the array.,SimpleController.FixedUpdate () (at <a8210e2c524f4006b7abbb82895ebd2e>:0).  
40.48,Exception,IndexOutOfRangeException: Index was outside the bounds of the array.,SimpleController.FixedUpdate () (at <a8210e2c524f4006b7abbb82895ebd2e>:0).  
40.5,Exception,IndexOutOfRangeException: Index was outside the bounds of the array.,SimpleController.FixedUpdate () (at <a8210e2c524f4006b7abbb82895ebd2e>:0).  
40.52,Exception,IndexOutOfRangeException: Index was outside the bounds of the array.,SimpleController.FixedUpdate () (at <a8210e2c524f4006b7abbb82895ebd2e>:0).  
40.54,Exception,IndexOutOfRangeException: Index was outside the bounds of the array.,SimpleController.FixedUpdate () (at <a8210e2c524f4006b7abbb82895ebd2e>:0).  
40.56,Exception,IndexOutOfRangeException: Index was outside the bounds of the array.,SimpleController.FixedUpdate () (at <a8210e2c524f4006b7abbb82895ebd2e>:0).  
40.58,Exception,IndexOutOfRangeException: Index was outside the bounds of the array.,SimpleController.FixedUpdate () (at <a8210e2c524f4006b7abbb82895ebd2e>:0).  
40.6,Exception,IndexOutOfRangeException: Index was outside the bounds of the array.,SimpleController.FixedUpdate () (at <a8210e2c524f4006b7abbb82895ebd2e>:0).  
40.62,Exception,IndexOutOfRangeException: Index was outside the bounds of the array.,SimpleController.FixedUpdate () (at <a8210e2c524f4006b7abbb82895ebd2e>:0).  
40.64,Exception,IndexOutOfRangeException: Index was outside the bounds of the array.,SimpleController.FixedUpdate () (at <a8210e2c524f4006b7abbb82895ebd2e>:0).  
40.66,Exception,IndexOutOfRangeException: Index was outside the bounds of the array.,SimpleController.FixedUpdate () (at <a8210e2c524f4006b7abbb82895ebd2e>:0).  
40.68,Exception,IndexOutOfRangeException: Index was outside the bounds of the array.,SimpleController.FixedUpdate () (at <a8210e2c524f4006b7abbb82895ebd2e>:0).  
40.7,Exception,IndexOutOfRangeException: Index was outside the bounds of the array.,SimpleController.FixedUpdate () (at <a8210e2c524f4006b7abbb82895ebd2e>:0).  
40.72,Exception,IndexOutOfRangeException: Index was outside the bounds of the array.,SimpleController.FixedUpdate () (at <a8210e2c524f4006b7abbb82895ebd2e>:0).  
40.74,Exception,IndexOutOfRangeException: Index was outside the bounds of the array.,SimpleController.FixedUpdate () (at <a8210e2c524f4006b7abbb82895ebd2e>:0).  
40.76,Exception,IndexOutOfRangeException: Index was outside the bounds of the array.,SimpleController.FixedUpdate () (at <a8210e2c524f4006b7abbb82895ebd2e>:0).  
40.78,Exception,IndexOutOfRangeException: Index was outside the bounds of the array.,SimpleController.FixedUpdate () (at <a8210e2c524f4006b7abbb82895ebd2e>:0).  
40.8,Exception,IndexOutOfRangeException: Index was outside the bounds of the array.,SimpleController.FixedUpdate () (at <a8210e2c524f4006b7abbb82895ebd2e>:0).  
40.82,Exception,IndexOutOfRangeException: Index was outside the bounds of the array.,SimpleController.FixedUpdate () (at <a8210e2c524f4006b7abbb82895ebd2e>:0).  
40.84,Exception,IndexOutOfRangeException: Index was outside the bounds of the array.,SimpleController.FixedUpdate () (at <a8210e2c524f4006b7abbb82895ebd2e>:0).  
40.86,Exception,IndexOutOfRangeException: Index was outside the bounds of the array.,SimpleController.FixedUpdate () (at <a8210e2c524f4006b7abbb82895ebd2e>:0).  
40.88,Exception,IndexOutOfRangeException: Index was outside the bounds of the array.,SimpleController.FixedUpdate () (at <a8210e2c524f4006b7abbb82895ebd2e>:0).  
40.9,Exception,IndexOutOfRangeException: Index was outside the bounds of the array.,SimpleController.FixedUpdate () (at <a8210e2c524f4006b7abbb82895ebd2e>:0).  
40.92,Exception,IndexOutOfRangeException: Index was outside the bounds of the array.,SimpleController.FixedUpdate () (at <a8210e2c524f4006b7abbb82895ebd2e>:0).  
40.94,Exception,IndexOutOfRangeException: Index was outside the bounds of the array.,SimpleController.FixedUpdate () (at <a8210e2c524f4006b7abbb82895ebd2e>:0).  
40.96,Exception,IndexOutOfRangeException: Index was outside the bounds of the array.,SimpleController.FixedUpdate () (at <a8210e2c524f4006b7abbb82895ebd2e>:0).  
40.98,Exception,IndexOutOfRangeException: Index was outside the bounds of the array.,SimpleController.FixedUpdate () (at <a8210e2c524f4006b7abbb82895ebd2e>:0).  
41,Exception,IndexOutOfRangeException: Index was outside the bounds of the array.,SimpleController.FixedUpdate () (at <a8210e2c524f4006b7abbb82895ebd2e>:0).  
41.02,Exception,IndexOutOfRangeException: Index was outside the bounds of the array.,SimpleController.FixedUpdate () (at <a8210e2c524f4006b7abbb82895ebd2e>:0).  
41.04,Exception,IndexOutOfRangeException: Index was outside the bounds of the array.,SimpleController.FixedUpdate () (at <a8210e2c524f4006b7abbb82895ebd2e>:0).  
41.06,Exception,IndexOutOfRangeException: Index was outside the bounds of the array.,SimpleController.FixedUpdate () (at <a8210e2c524f4006b7abbb82895ebd2e>:0).  
41.08,Exception,IndexOutOfRangeException: Index was outside the bounds of the array.,SimpleController.FixedUpdate () (at <a8210e2c524f4006b7abbb82895ebd2e>:0).  
41.1,Exception,IndexOutOfRangeException: Index was outside the bounds of the array.,SimpleController.FixedUpdate () (at <a8210e2c524f4006b7abbb82895ebd2e>:0).  
41.12,Exception,IndexOutOfRangeException: Index was outside the bounds of the array.,SimpleController.FixedUpdate () (at <a8210e2c524f4006b7abbb82895ebd2e>:0).  
41.14,Exception,IndexOutOfRangeException: Index was outside the bounds of the array.,SimpleController.FixedUpdate () (at <a8210e2c524f4006b7abbb82895ebd2e>:0).  
41.16,Exception,IndexOutOfRangeException: Index was outside the bounds of the array.,SimpleController.FixedUpdate () (at <a8210e2c524f4006b7abbb82895ebd2e>:0).  
41.18,Exception,IndexOutOfRangeException: Index was outside the bounds of the array.,SimpleController.FixedUpdate () (at <a8210e2c524f4006b7abbb82895ebd2e>:0).  
41.2,Exception,IndexOutOfRangeException: Index was outside the bounds of the array.,SimpleController.FixedUpdate () (at <a8210e2c524f4006b7abbb82895ebd2e>:0).  
41.22,Exception,IndexOutOfRangeException: Index was outside the bounds of the array.,SimpleController.FixedUpdate () (at <a8210e2c524f4006b7abbb82895ebd2e>:0).  
41.24,Exception,IndexOutOfRangeException: Index was outside the bounds of the array.,SimpleController.FixedUpdate () (at <a8210e2c524f4006b7abbb82895ebd2e>:0).  
41.26,Exception,IndexOutOfRangeException: Index was outside the bounds of the array.,SimpleController.FixedUpdate () (at <a8210e2c524f4006b7abbb82895ebd2e>:0).  
41.28,Exception,IndexOutOfRangeException: Index was outside the bounds of the array.,SimpleController.FixedUpdate () (at <a8210e2c524f4006b7abbb82895ebd2e>:0).  
41.3,Exception,IndexOutOfRangeException: Index was outside the bounds of the array.,SimpleController.FixedUpdate () (at <a8210e2c524f4006b7abbb82895ebd2e>:0).  
41.32,Exception,IndexOutOfRangeException: Index was outside the bounds of the array.,SimpleController.FixedUpdate () (at <a8210e2c524f4006b7abbb82895ebd2e>:0).  
41.34,Exception,IndexOutOfRangeException: Index was outside the bounds of the array.,SimpleController.FixedUpdate () (at <a8210e2c524f4006b7abbb82895ebd2e>:0).  
41.36,Exception,IndexOutOfRangeException: Index was outside the bounds of the array.,SimpleController.FixedUpdate () (at <a8210e2c524f4006b7abbb82895ebd2e>:0).  
41.38,Exception,IndexOutOfRangeException: Index was outside the bounds of the array.,SimpleController.FixedUpdate () (at <a8210e2c524f4006b7abbb82895ebd2e>:0).  
41.4,Exception,IndexOutOfRangeException: Index was outside the bounds of the array.,SimpleController.FixedUpdate () (at <a8210e2c524f4006b7abbb82895ebd2e>:0).  
41.42,Exception,IndexOutOfRangeException: Index was outside the bounds of the array.,SimpleController.FixedUpdate () (at <a8210e2c524f4006b7abbb82895ebd2e>:0).  
41.44,Exception,IndexOutOfRangeException: Index was outside the bounds of the array.,SimpleController.FixedUpdate () (at <a8210e2c524f4006b7abbb82895ebd2e>:0).  
41.46,Exception,IndexOutOfRangeException: Index was outside the bounds of the array.,SimpleController.FixedUpdate () (at <a8210e2c524f4006b7abbb82895ebd2e>:0).  
41.48,Exception,IndexOutOfRangeException: Index was outside the bounds of the array.,SimpleController.FixedUpdate () (at <a8210e2c524f4006b7abbb82895ebd2e>:0).  
41.5,Exception,IndexOutOfRangeException: Index was outside the bounds of the array.,SimpleController.FixedUpdate () (at <a8210e2c524f4006b7abbb82895ebd2e>:0).  
41.52,Exception,IndexOutOfRangeException: Index was outside the bounds of the array.,SimpleController.FixedUpdate () (at <a8210e2c524f4006b7abbb82895ebd2e>:0).  
41.54,Exception,IndexOutOfRangeException: Index was outside the bounds of the array.,SimpleController.FixedUpdate () (at <a8210e2c524f4006b7abbb82895ebd2e>:0).  
41.56,Exception,IndexOutOfRangeException: Index was outside the bounds of the array.,SimpleController.FixedUpdate () (at <a8210e2c524f4006b7abbb82895ebd2e>:0).  
41.58,Exception,IndexOutOfRangeException: Index was outside the bounds of the array.,SimpleController.FixedUpdate () (at <a8210e2c524f4006b7abbb82895ebd2e>:0).  
41.6,Exception,IndexOutOfRangeException: Index was outside the bounds of the array.,SimpleController.FixedUpdate () (at <a8210e2c524f4006b7abbb82895ebd2e>:0).  
41.62,Exception,IndexOutOfRangeException: Index was outside the bounds of the array.,SimpleController.FixedUpdate () (at <a8210e2c524f4006b7abbb82895ebd2e>:0).  
41.64,Exception,IndexOutOfRangeException: Index was outside the bounds of the array.,SimpleController.FixedUpdate () (at <a8210e2c524f4006b7abbb82895ebd2e>:0).  
41.66,Exception,IndexOutOfRangeException: Index was outside the bounds of the array.,SimpleController.FixedUpdate () (at <a8210e2c524f4006b7abbb82895ebd2e>:0).  
41.68,Exception,IndexOutOfRangeException: Index was outside the bounds of the array.,SimpleController.FixedUpdate () (at <a8210e2c524f4006b7abbb82895ebd2e>:0).  
41.7,Exception,IndexOutOfRangeException: Index was outside the bounds of the array.,SimpleController.FixedUpdate () (at <a8210e2c524f4006b7abbb82895ebd2e>:0).  
41.72,Exception,IndexOutOfRangeException: Index was outside the bounds of the array.,SimpleController.FixedUpdate () (at <a8210e2c524f4006b7abbb82895ebd2e>:0).  
41.74,Exception,IndexOutOfRangeException: Index was outside the bounds of the array.,SimpleController.FixedUpdate () (at <a8210e2c524f4006b7abbb82895ebd2e>:0).  
41.76,Exception,IndexOutOfRangeException: Index was outside the bounds of the array.,SimpleController.FixedUpdate () (at <a8210e2c524f4006b7abbb82895ebd2e>:0).  
41.78,Exception,IndexOutOfRangeException: Index was outside the bounds of the array.,SimpleController.FixedUpdate () (at <a8210e2c524f4006b7abbb82895ebd2e>:0).  
41.8,Exception,IndexOutOfRangeException: Index was outside the bounds of the array.,SimpleController.FixedUpdate () (at <a8210e2c524f4006b7abbb82895ebd2e>:0).  
41.82,Exception,IndexOutOfRangeException: Index was outside the bounds of the array.,SimpleController.FixedUpdate () (at <a8210e2c524f4006b7abbb82895ebd2e>:0).  
41.84,Exception,IndexOutOfRangeException: Index was outside the bounds of the array.,SimpleController.FixedUpdate () (at <a8210e2c524f4006b7abbb82895ebd2e>:0).  
41.86,Exception,IndexOutOfRangeException: Index was outside the bounds of the array.,SimpleController.FixedUpdate () (at <a8210e2c524f4006b7abbb82895ebd2e>:0).  
41.88,Exception,IndexOutOfRangeException: Index was outside the bounds of the array.,SimpleController.FixedUpdate () (at <a8210e2c524f4006b7abbb82895ebd2e>:0).  
41.9,Exception,IndexOutOfRangeException: Index was outside the bounds of the array.,SimpleController.FixedUpdate () (at <a8210e2c524f4006b7abbb82895ebd2e>:0).  
41.92,Exception,IndexOutOfRangeException: Index was outside the bounds of the array.,SimpleController.FixedUpdate () (at <a8210e2c524f4006b7abbb82895ebd2e>:0).  
41.94,Exception,IndexOutOfRangeException: Index was outside the bounds of the array.,SimpleController.FixedUpdate () (at <a8210e2c524f4006b7abbb82895ebd2e>:0).  
41.96,Exception,IndexOutOfRangeException: Index was outside the bounds of the array.,SimpleController.FixedUpdate () (at <a8210e2c524f4006b7abbb82895ebd2e>:0).  
41.98,Exception,IndexOutOfRangeException: Index was outside the bounds of the array.,SimpleController.FixedUpdate () (at <a8210e2c524f4006b7abbb82895ebd2e>:0).  
42,Exception,IndexOutOfRangeException: Index was outside the bounds of the array.,SimpleController.FixedUpdate () (at <a8210e2c524f4006b7abbb82895ebd2e>:0).  
42.02,Exception,IndexOutOfRangeException: Index was outside the bounds of the array.,SimpleController.FixedUpdate () (at <a8210e2c524f4006b7abbb82895ebd2e>:0).  
42.04,Exception,IndexOutOfRangeException: Index was outside the bounds of the array.,SimpleController.FixedUpdate () (at <a8210e2c524f4006b7abbb82895ebd2e>:0).  
42.06,Exception,IndexOutOfRangeException: Index was outside the bounds of the array.,SimpleController.FixedUpdate () (at <a8210e2c524f4006b7abbb82895ebd2e>:0).  
42.08,Exception,IndexOutOfRangeException: Index was outside the bounds of the array.,SimpleController.FixedUpdate () (at <a8210e2c524f4006b7abbb82895ebd2e>:0).  
42.1,Exception,IndexOutOfRangeException: Index was outside the bounds of the array.,SimpleController.FixedUpdate () (at <a8210e2c524f4006b7abbb82895ebd2e>:0).  
42.12,Exception,IndexOutOfRangeException: Index was outside the bounds of the array.,SimpleController.FixedUpdate () (at <a8210e2c524f4006b7abbb82895ebd2e>:0).  
42.14,Exception,IndexOutOfRangeException: Index was outside the bounds of the array.,SimpleController.FixedUpdate () (at <a8210e2c524f4006b7abbb82895ebd2e>:0).  
42.16,Exception,IndexOutOfRangeException: Index was outside the bounds of the array.,SimpleController.FixedUpdate () (at <a8210e2c524f4006b7abbb82895ebd2e>:0).  
42.18,Exception,IndexOutOfRangeException: Index was outside the bounds of the array.,SimpleController.FixedUpdate () (at <a8210e2c524f4006b7abbb82895ebd2e>:0).  
42.2,Exception,IndexOutOfRangeException: Index was outside the bounds of the array.,SimpleController.FixedUpdate () (at <a8210e2c524f4006b7abbb82895ebd2e>:0).  
42.22,Exception,IndexOutOfRangeException: Index was outside the bounds of the array.,SimpleController.FixedUpdate () (at <a8210e2c524f4006b7abbb82895ebd2e>:0).  
42.24,Exception,IndexOutOfRangeException: Index was outside the bounds of the array.,SimpleController.FixedUpdate () (at <a8210e2c524f4006b7abbb82895ebd2e>:0).  
42.26,Exception,IndexOutOfRangeException: Index was outside the bounds of the array.,SimpleController.FixedUpdate () (at <a8210e2c524f4006b7abbb82895ebd2e>:0).  
42.28,Exception,IndexOutOfRangeException: Index was outside the bounds of the array.,SimpleController.FixedUpdate () (at <a8210e2c524f4006b7abbb82895ebd2e>:0).  
42.3,Exception,IndexOutOfRangeException: Index was outside the bounds of the array.,SimpleController.FixedUpdate () (at <a8210e2c524f4006b7abbb82895ebd2e>:0).  
42.32,Exception,IndexOutOfRangeException: Index was outside the bounds of the array.,SimpleController.FixedUpdate () (at <a8210e2c524f4006b7abbb82895ebd2e>:0).  
42.34,Exception,IndexOutOfRangeException: Index was outside the bounds of the array.,SimpleController.FixedUpdate () (at <a8210e2c524f4006b7abbb82895ebd2e>:0).  
42.36,Exception,IndexOutOfRangeException: Index was outside the bounds of the array.,SimpleController.FixedUpdate () (at <a8210e2c524f4006b7abbb82895ebd2e>:0).  
42.38,Exception,IndexOutOfRangeException: Index was outside the bounds of the array.,SimpleController.FixedUpdate () (at <a8210e2c524f4006b7abbb82895ebd2e>:0).  
42.4,Exception,IndexOutOfRangeException: Index was outside the bounds of the array.,SimpleController.FixedUpdate () (at <a8210e2c524f4006b7abbb82895ebd2e>:0).  
42.42,Exception,IndexOutOfRangeException: Index was outside the bounds of the array.,SimpleController.FixedUpdate () (at <a8210e2c524f4006b7abbb82895ebd2e>:0).  
42.44,Exception,IndexOutOfRangeException: Index was outside the bounds of the array.,SimpleController.FixedUpdate () (at <a8210e2c524f4006b7abbb82895ebd2e>:0).  
42.46,Exception,IndexOutOfRangeException: Index was outside the bounds of the array.,SimpleController.FixedUpdate () (at <a8210e2c524f4006b7abbb82895ebd2e>:0).  
42.48,Exception,IndexOutOfRangeException: Index was outside the bounds of the array.,SimpleController.FixedUpdate () (at <a8210e2c524f4006b7abbb82895ebd2e>:0).  
42.5,Exception,IndexOutOfRangeException: Index was outside the bounds of the array.,SimpleController.FixedUpdate () (at <a8210e2c524f4006b7abbb82895ebd2e>:0).  
42.52,Exception,IndexOutOfRangeException: Index was outside the bounds of the array.,SimpleController.FixedUpdate () (at <a8210e2c524f4006b7abbb82895ebd2e>:0).  
42.54,Exception,IndexOutOfRangeException: Index was outside the bounds of the array.,SimpleController.FixedUpdate () (at <a8210e2c524f4006b7abbb82895ebd2e>:0).  
42.56,Exception,IndexOutOfRangeException: Index was outside the bounds of the array.,SimpleController.FixedUpdate () (at <a8210e2c524f4006b7abbb82895ebd2e>:0).  
42.58,Exception,IndexOutOfRangeException: Index was outside the bounds of the array.,SimpleController.FixedUpdate () (at <a8210e2c524f4006b7abbb82895ebd2e>:0).  
42.6,Exception,IndexOutOfRangeException: Index was outside the bounds of the array.,SimpleController.FixedUpdate () (at <a8210e2c524f4006b7abbb82895ebd2e>:0).  
42.62,Exception,IndexOutOfRangeException: Index was outside the bounds of the array.,SimpleController.FixedUpdate () (at <a8210e2c524f4006b7abbb82895ebd2e>:0).  
42.64,Exception,IndexOutOfRangeException: Index was outside the bounds of the array.,SimpleController.FixedUpdate () (at <a8210e2c524f4006b7abbb82895ebd2e>:0).  
42.66,Exception,IndexOutOfRangeException: Index was outside the bounds of the array.,SimpleController.FixedUpdate () (at <a8210e2c524f4006b7abbb82895ebd2e>:0).  
42.68,Exception,IndexOutOfRangeException: Index was outside the bounds of the array.,SimpleController.FixedUpdate () (at <a8210e2c524f4006b7abbb82895ebd2e>:0).  
42.7,Exception,IndexOutOfRangeException: Index was outside the bounds of the array.,SimpleController.FixedUpdate () (at <a8210e2c524f4006b7abbb82895ebd2e>:0).  
42.72,Exception,IndexOutOfRangeException: Index was outside the bounds of the array.,SimpleController.FixedUpdate () (at <a8210e2c524f4006b7abbb82895ebd2e>:0).  
42.74,Exception,IndexOutOfRangeException: Index was outside the bounds of the array.,SimpleController.FixedUpdate () (at <a8210e2c524f4006b7abbb82895ebd2e>:0).  
42.76,Exception,IndexOutOfRangeException: Index was outside the bounds of the array.,SimpleController.FixedUpdate () (at <a8210e2c524f4006b7abbb82895ebd2e>:0).  
42.78,Exception,IndexOutOfRangeException: Index was outside the bounds of the array.,SimpleController.FixedUpdate () (at <a8210e2c524f4006b7abbb82895ebd2e>:0).  
42.8,Exception,IndexOutOfRangeException: Index was outside the bounds of the array.,SimpleController.FixedUpdate () (at <a8210e2c524f4006b7abbb82895ebd2e>:0).  
42.82,Exception,IndexOutOfRangeException: Index was outside the bounds of the array.,SimpleController.FixedUpdate () (at <a8210e2c524f4006b7abbb82895ebd2e>:0).  
42.84,Exception,IndexOutOfRangeException: Index was outside the bounds of the array.,SimpleController.FixedUpdate () (at <a8210e2c524f4006b7abbb82895ebd2e>:0).  
42.86,Exception,IndexOutOfRangeException: Index was outside the bounds of the array.,SimpleController.FixedUpdate () (at <a8210e2c524f4006b7abbb82895ebd2e>:0).  
42.88,Exception,IndexOutOfRangeException: Index was outside the bounds of the array.,SimpleController.FixedUpdate () (at <a8210e2c524f4006b7abbb82895ebd2e>:0).  
42.9,Exception,IndexOutOfRangeException: Index was outside the bounds of the array.,SimpleController.FixedUpdate () (at <a8210e2c524f4006b7abbb82895ebd2e>:0).  
42.92,Exception,IndexOutOfRangeException: Index was outside the bounds of the array.,SimpleController.FixedUpdate () (at <a8210e2c524f4006b7abbb82895ebd2e>:0).  
42.94,Exception,IndexOutOfRangeException: Index was outside the bounds of the array.,SimpleController.FixedUpdate () (at <a8210e2c524f4006b7abbb82895ebd2e>:0).  
42.96,Exception,IndexOutOfRangeException: Index was outside the bounds of the array.,SimpleController.FixedUpdate () (at <a8210e2c524f4006b7abbb82895ebd2e>:0).  
42.98,Exception,IndexOutOfRangeException: Index was outside the bounds of the array.,SimpleController.FixedUpdate () (at <a8210e2c524f4006b7abbb82895ebd2e>:0).  
43,Exception,IndexOutOfRangeException: Index was outside the bounds of the array.,SimpleController.FixedUpdate () (at <a8210e2c524f4006b7abbb82895ebd2e>:0).  
43.02,Exception,IndexOutOfRangeException: Index was outside the bounds of the array.,SimpleController.FixedUpdate () (at <a8210e2c524f4006b7abbb82895ebd2e>:0).  
43.04,Exception,IndexOutOfRangeException: Index was outside the bounds of the array.,SimpleController.FixedUpdate () (at <a8210e2c524f4006b7abbb82895ebd2e>:0).  
43.06,Exception,IndexOutOfRangeException: Index was outside the bounds of the array.,SimpleController.FixedUpdate () (at <a8210e2c524f4006b7abbb82895ebd2e>:0).  
43.08,Exception,IndexOutOfRangeException: Index was outside the bounds of the array.,SimpleController.FixedUpdate () (at <a8210e2c524f4006b7abbb82895ebd2e>:0).  
43.1,Exception,IndexOutOfRangeException: Index was outside the bounds of the array.,SimpleController.FixedUpdate () (at <a8210e2c524f4006b7abbb82895ebd2e>:0).  
43.12,Exception,IndexOutOfRangeException: Index was outside the bounds of the array.,SimpleController.FixedUpdate () (at <a8210e2c524f4006b7abbb82895ebd2e>:0).  
43.14,Exception,IndexOutOfRangeException: Index was outside the bounds of the array.,SimpleController.FixedUpdate () (at <a8210e2c524f4006b7abbb82895ebd2e>:0).  
43.16,Exception,IndexOutOfRangeException: Index was outside the bounds of the array.,SimpleController.FixedUpdate () (at <a8210e2c524f4006b7abbb82895ebd2e>:0).  
43.18,Exception,IndexOutOfRangeException: Index was outside the bounds of the array.,SimpleController.FixedUpdate () (at <a8210e2c524f4006b7abbb82895ebd2e>:0).  
43.2,Exception,IndexOutOfRangeException: Index was outside the bounds of the array.,SimpleController.FixedUpdate () (at <a8210e2c524f4006b7abbb82895ebd2e>:0).  
43.22,Exception,IndexOutOfRangeException: Index was outside the bounds of the array.,SimpleController.FixedUpdate () (at <a8210e2c524f4006b7abbb82895ebd2e>:0).  
43.24,Exception,IndexOutOfRangeException: Index was outside the bounds of the array.,SimpleController.FixedUpdate () (at <a8210e2c524f4006b7abbb82895ebd2e>:0).  
43.26,Exception,IndexOutOfRangeException: Index was outside the bounds of the array.,SimpleController.FixedUpdate () (at <a8210e2c524f4006b7abbb82895ebd2e>:0).  
43.28,Exception,IndexOutOfRangeException: Index was outside the bounds of the array.,SimpleController.FixedUpdate () (at <a8210e2c524f4006b7abbb82895ebd2e>:0).  
43.3,Exception,IndexOutOfRangeException: Index was outside the bounds of the array.,SimpleController.FixedUpdate () (at <a8210e2c524f4006b7abbb82895ebd2e>:0).  
43.32,Exception,IndexOutOfRangeException: Index was outside the bounds of the array.,SimpleController.FixedUpdate () (at <a8210e2c524f4006b7abbb82895ebd2e>:0).  
43.34,Exception,IndexOutOfRangeException: Index was outside the bounds of the array.,SimpleController.FixedUpdate () (at <a8210e2c524f4006b7abbb82895ebd2e>:0).  
43.36,Exception,IndexOutOfRangeException: Index was outside the bounds of the array.,SimpleController.FixedUpdate () (at <a8210e2c524f4006b7abbb82895ebd2e>:0).  
43.38,Exception,IndexOutOfRangeException: Index was outside the bounds of the array.,SimpleController.FixedUpdate () (at <a8210e2c524f4006b7abbb82895ebd2e>:0).  
43.4,Exception,IndexOutOfRangeException: Index was outside the bounds of the array.,SimpleController.FixedUpdate () (at <a8210e2c524f4006b7abbb82895ebd2e>:0).  
43.42,Exception,IndexOutOfRangeException: Index was outside the bounds of the array.,SimpleController.FixedUpdate () (at <a8210e2c524f4006b7abbb82895ebd2e>:0).  
43.44,Exception,IndexOutOfRangeException: Index was outside the bounds of the array.,SimpleController.FixedUpdate () (at <a8210e2c524f4006b7abbb82895ebd2e>:0).  
43.46,Exception,IndexOutOfRangeException: Index was outside the bounds of the array.,SimpleController.FixedUpdate () (at <a8210e2c524f4006b7abbb82895ebd2e>:0).  
43.48,Exception,IndexOutOfRangeException: Index was outside the bounds of the array.,SimpleController.FixedUpdate () (at <a8210e2c524f4006b7abbb82895ebd2e>:0).  
43.5,Exception,IndexOutOfRangeException: Index was outside the bounds of the array.,SimpleController.FixedUpdate () (at <a8210e2c524f4006b7abbb82895ebd2e>:0).  
43.52,Exception,IndexOutOfRangeException: Index was outside the bounds of the array.,SimpleController.FixedUpdate () (at <a8210e2c524f4006b7abbb82895ebd2e>:0).  
43.54,Exception,IndexOutOfRangeException: Index was outside the bounds of the array.,SimpleController.FixedUpdate () (at <a8210e2c524f4006b7abbb82895ebd2e>:0).  
43.56,Exception,IndexOutOfRangeException: Index was outside the bounds of the array.,SimpleController.FixedUpdate () (at <a8210e2c524f4006b7abbb82895ebd2e>:0).  
43.58,Exception,IndexOutOfRangeException: Index was outside the bounds of the array.,SimpleController.FixedUpdate () (at <a8210e2c524f4006b7abbb82895ebd2e>:0).  
43.6,Exception,IndexOutOfRangeException: Index was outside the bounds of the array.,SimpleController.FixedUpdate () (at <a8210e2c524f4006b7abbb82895ebd2e>:0).  
43.62,Exception,IndexOutOfRangeException: Index was outside the bounds of the array.,SimpleController.FixedUpdate () (at <a8210e2c524f4006b7abbb82895ebd2e>:0).  
43.64,Exception,IndexOutOfRangeException: Index was outside the bounds of the array.,SimpleController.FixedUpdate () (at <a8210e2c524f4006b7abbb82895ebd2e>:0).  
43.66,Exception,IndexOutOfRangeException: Index was outside the bounds of the array.,SimpleController.FixedUpdate () (at <a8210e2c524f4006b7abbb82895ebd2e>:0).  
43.68,Exception,IndexOutOfRangeException: Index was outside the bounds of the array.,SimpleController.FixedUpdate () (at <a8210e2c524f4006b7abbb82895ebd2e>:0).  
43.7,Exception,IndexOutOfRangeException: Index was outside the bounds of the array.,SimpleController.FixedUpdate () (at <a8210e2c524f4006b7abbb82895ebd2e>:0).  
43.72,Exception,IndexOutOfRangeException: Index was outside the bounds of the array.,SimpleController.FixedUpdate () (at <a8210e2c524f4006b7abbb82895ebd2e>:0).  
43.74,Exception,IndexOutOfRangeException: Index was outside the bounds of the array.,SimpleController.FixedUpdate () (at <a8210e2c524f4006b7abbb82895ebd2e>:0).  
43.76,Exception,IndexOutOfRangeException: Index was outside the bounds of the array.,SimpleController.FixedUpdate () (at <a8210e2c524f4006b7abbb82895ebd2e>:0).  
43.78,Exception,IndexOutOfRangeException: Index was outside the bounds of the array.,SimpleController.FixedUpdate () (at <a8210e2c524f4006b7abbb82895ebd2e>:0).  
43.8,Exception,IndexOutOfRangeException: Index was outside the bounds of the array.,SimpleController.FixedUpdate () (at <a8210e2c524f4006b7abbb82895ebd2e>:0).  
43.82,Exception,IndexOutOfRangeException: Index was outside the bounds of the array.,SimpleController.FixedUpdate () (at <a8210e2c524f4006b7abbb82895ebd2e>:0).  
43.84,Exception,IndexOutOfRangeException: Index was outside the bounds of the array.,SimpleController.FixedUpdate () (at <a8210e2c524f4006b7abbb82895ebd2e>:0).  
43.86,Exception,IndexOutOfRangeException: Index was outside the bounds of the array.,SimpleController.FixedUpdate () (at <a8210e2c524f4006b7abbb82895ebd2e>:0).  
43.88,Exception,IndexOutOfRangeException: Index was outside the bounds of the array.,SimpleController.FixedUpdate () (at <a8210e2c524f4006b7abbb82895ebd2e>:0).  
43.9,Exception,IndexOutOfRangeException: Index was outside the bounds of the array.,SimpleController.FixedUpdate () (at <a8210e2c524f4006b7abbb82895ebd2e>:0).  
43.92,Exception,IndexOutOfRangeException: Index was outside the bounds of the array.,SimpleController.FixedUpdate () (at <a8210e2c524f4006b7abbb82895ebd2e>:0).  
43.94,Exception,IndexOutOfRangeException: Index was outside the bounds of the array.,SimpleController.FixedUpdate () (at <a8210e2c524f4006b7abbb82895ebd2e>:0).  
43.96,Exception,IndexOutOfRangeException: Index was outside the bounds of the array.,SimpleController.FixedUpdate () (at <a8210e2c524f4006b7abbb82895ebd2e>:0).  
43.98,Exception,IndexOutOfRangeException: Index was outside the bounds of the array.,SimpleController.FixedUpdate () (at <a8210e2c524f4006b7abbb82895ebd2e>:0).  
44,Exception,IndexOutOfRangeException: Index was outside the bounds of the array.,SimpleController.FixedUpdate () (at <a8210e2c524f4006b7abbb82895ebd2e>:0).  
44.02,Exception,IndexOutOfRangeException: Index was outside the bounds of the array.,SimpleController.FixedUpdate () (at <a8210e2c524f4006b7abbb82895ebd2e>:0).  
44.04,Exception,IndexOutOfRangeException: Index was outside the bounds of the array.,SimpleController.FixedUpdate () (at <a8210e2c524f4006b7abbb82895ebd2e>:0).  
44.06,Exception,IndexOutOfRangeException: Index was outside the bounds of the array.,SimpleController.FixedUpdate () (at <a8210e2c524f4006b7abbb82895ebd2e>:0).  
44.08,Exception,IndexOutOfRangeException: Index was outside the bounds of the array.,SimpleController.FixedUpdate () (at <a8210e2c524f4006b7abbb82895ebd2e>:0).  
44.1,Exception,IndexOutOfRangeException: Index was outside the bounds of the array.,SimpleController.FixedUpdate () (at <a8210e2c524f4006b7abbb82895ebd2e>:0).  
44.12,Exception,IndexOutOfRangeException: Index was outside the bounds of the array.,SimpleController.FixedUpdate () (at <a8210e2c524f4006b7abbb82895ebd2e>:0).  
44.14,Exception,IndexOutOfRangeException: Index was outside the bounds of the array.,SimpleController.FixedUpdate () (at <a8210e2c524f4006b7abbb82895ebd2e>:0).  
44.16,Exception,IndexOutOfRangeException: Index was outside the bounds of the array.,SimpleController.FixedUpdate () (at <a8210e2c524f4006b7abbb82895ebd2e>:0).  
44.18,Exception,IndexOutOfRangeException: Index was outside the bounds of the array.,SimpleController.FixedUpdate () (at <a8210e2c524f4006b7abbb82895ebd2e>:0).  
44.2,Exception,IndexOutOfRangeException: Index was outside the bounds of the array.,SimpleController.FixedUpdate () (at <a8210e2c524f4006b7abbb82895ebd2e>:0).  
44.22,Exception,IndexOutOfRangeException: Index was outside the bounds of the array.,SimpleController.FixedUpdate () (at <a8210e2c524f4006b7abbb82895ebd2e>:0).  
44.24,Exception,IndexOutOfRangeException: Index was outside the bounds of the array.,SimpleController.FixedUpdate () (at <a8210e2c524f4006b7abbb82895ebd2e>:0).  
44.26,Exception,IndexOutOfRangeException: Index was outside the bounds of the array.,SimpleController.FixedUpdate () (at <a8210e2c524f4006b7abbb82895ebd2e>:0).  
44.28,Exception,IndexOutOfRangeException: Index was outside the bounds of the array.,SimpleController.FixedUpdate () (at <a8210e2c524f4006b7abbb82895ebd2e>:0).  
44.3,Exception,IndexOutOfRangeException: Index was outside the bounds of the array.,SimpleController.FixedUpdate () (at <a8210e2c524f4006b7abbb82895ebd2e>:0).  
44.32,Exception,IndexOutOfRangeException: Index was outside the bounds of the array.,SimpleController.FixedUpdate () (at <a8210e2c524f4006b7abbb82895ebd2e>:0).  
44.34,Exception,IndexOutOfRangeException: Index was outside the bounds of the array.,SimpleController.FixedUpdate () (at <a8210e2c524f4006b7abbb82895ebd2e>:0).  
44.36,Exception,IndexOutOfRangeException: Index was outside the bounds of the array.,SimpleController.FixedUpdate () (at <a8210e2c524f4006b7abbb82895ebd2e>:0).  
44.38,Exception,IndexOutOfRangeException: Index was outside the bounds of the array.,SimpleController.FixedUpdate () (at <a8210e2c524f4006b7abbb82895ebd2e>:0).  
44.4,Exception,IndexOutOfRangeException: Index was outside the bounds of the array.,SimpleController.FixedUpdate () (at <a8210e2c524f4006b7abbb82895ebd2e>:0).  
44.42,Exception,IndexOutOfRangeException: Index was outside the bounds of the array.,SimpleController.FixedUpdate () (at <a8210e2c524f4006b7abbb82895ebd2e>:0).  
44.44,Exception,IndexOutOfRangeException: Index was outside the bounds of the array.,SimpleController.FixedUpdate () (at <a8210e2c524f4006b7abbb82895ebd2e>:0).  
44.46,Exception,IndexOutOfRangeException: Index was outside the bounds of the array.,SimpleController.FixedUpdate () (at <a8210e2c524f4006b7abbb82895ebd2e>:0).  
44.48,Exception,IndexOutOfRangeException: Index was outside the bounds of the array.,SimpleController.FixedUpdate () (at <a8210e2c524f4006b7abbb82895ebd2e>:0).  
44.5,Exception,IndexOutOfRangeException: Index was outside the bounds of the array.,SimpleController.FixedUpdate () (at <a8210e2c524f4006b7abbb82895ebd2e>:0).  
44.52,Exception,IndexOutOfRangeException: Index was outside the bounds of the array.,SimpleController.FixedUpdate () (at <a8210e2c524f4006b7abbb82895ebd2e>:0).  
44.54,Exception,IndexOutOfRangeException: Index was outside the bounds of the array.,SimpleController.FixedUpdate () (at <a8210e2c524f4006b7abbb82895ebd2e>:0).  
44.56,Exception,IndexOutOfRangeException: Index was outside the bounds of the array.,SimpleController.FixedUpdate () (at <a8210e2c524f4006b7abbb82895ebd2e>:0).  
44.58,Exception,IndexOutOfRangeException: Index was outside the bounds of the array.,SimpleController.FixedUpdate () (at <a8210e2c524f4006b7abbb82895ebd2e>:0).  
44.6,Exception,IndexOutOfRangeException: Index was outside the bounds of the array.,SimpleController.FixedUpdate () (at <a8210e2c524f4006b7abbb82895ebd2e>:0).  
44.62,Exception,IndexOutOfRangeException: Index was outside the bounds of the array.,SimpleController.FixedUpdate () (at <a8210e2c524f4006b7abbb82895ebd2e>:0).  
44.64,Exception,IndexOutOfRangeException: Index was outside the bounds of the array.,SimpleController.FixedUpdate () (at <a8210e2c524f4006b7abbb82895ebd2e>:0).  
44.66,Exception,IndexOutOfRangeException: Index was outside the bounds of the array.,SimpleController.FixedUpdate () (at <a8210e2c524f4006b7abbb82895ebd2e>:0).  
44.68,Exception,IndexOutOfRangeException: Index was outside the bounds of the array.,SimpleController.FixedUpdate () (at <a8210e2c524f4006b7abbb82895ebd2e>:0).  
44.7,Exception,IndexOutOfRangeException: Index was outside the bounds of the array.,SimpleController.FixedUpdate () (at <a8210e2c524f4006b7abbb82895ebd2e>:0).  
44.72,Exception,IndexOutOfRangeException: Index was outside the bounds of the array.,SimpleController.FixedUpdate () (at <a8210e2c524f4006b7abbb82895ebd2e>:0).  
44.74,Exception,IndexOutOfRangeException: Index was outside the bounds of the array.,SimpleController.FixedUpdate () (at <a8210e2c524f4006b7abbb82895ebd2e>:0).  
44.76,Exception,IndexOutOfRangeException: Index was outside the bounds of the array.,SimpleController.FixedUpdate () (at <a8210e2c524f4006b7abbb82895ebd2e>:0).  
44.78,Exception,IndexOutOfRangeException: Index was outside the bounds of the array.,SimpleController.FixedUpdate () (at <a8210e2c524f4006b7abbb82895ebd2e>:0).  
44.8,Exception,IndexOutOfRangeException: Index was outside the bounds of the array.,SimpleController.FixedUpdate () (at <a8210e2c524f4006b7abbb82895ebd2e>:0).  
44.82,Exception,IndexOutOfRangeException: Index was outside the bounds of the array.,SimpleController.FixedUpdate () (at <a8210e2c524f4006b7abbb82895ebd2e>:0).  
44.84,Exception,IndexOutOfRangeException: Index was outside the bounds of the array.,SimpleController.FixedUpdate () (at <a8210e2c524f4006b7abbb82895ebd2e>:0).  
44.86,Exception,IndexOutOfRangeException: Index was outside the bounds of the array.,SimpleController.FixedUpdate () (at <a8210e2c524f4006b7abbb82895ebd2e>:0).  
44.88,Exception,IndexOutOfRangeException: Index was outside the bounds of the array.,SimpleController.FixedUpdate () (at <a8210e2c524f4006b7abbb82895ebd2e>:0).  
44.9,Exception,IndexOutOfRangeException: Index was outside the bounds of the array.,SimpleController.FixedUpdate () (at <a8210e2c524f4006b7abbb82895ebd2e>:0).  
44.92,Exception,IndexOutOfRangeException: Index was outside the bounds of the array.,SimpleController.FixedUpdate () (at <a8210e2c524f4006b7abbb82895ebd2e>:0).  
44.94,Exception,IndexOutOfRangeException: Index was outside the bounds of the array.,SimpleController.FixedUpdate () (at <a8210e2c524f4006b7abbb82895ebd2e>:0).  
44.96,Exception,IndexOutOfRangeException: Index was outside the bounds of the array.,SimpleController.FixedUpdate () (at <a8210e2c524f4006b7abbb82895ebd2e>:0).  
44.98,Exception,IndexOutOfRangeException: Index was outside the bounds of the array.,SimpleController.FixedUpdate () (at <a8210e2c524f4006b7abbb82895ebd2e>:0).  
45,Exception,IndexOutOfRangeException: Index was outside the bounds of the array.,SimpleController.FixedUpdate () (at <a8210e2c524f4006b7abbb82895ebd2e>:0).  
45.02,Exception,IndexOutOfRangeException: Index was outside the bounds of the array.,SimpleController.FixedUpdate () (at <a8210e2c524f4006b7abbb82895ebd2e>:0).  
45.04,Exception,IndexOutOfRangeException: Index was outside the bounds of the array.,SimpleController.FixedUpdate () (at <a8210e2c524f4006b7abbb82895ebd2e>:0).  
45.06,Exception,IndexOutOfRangeException: Index was outside the bounds of the array.,SimpleController.FixedUpdate () (at <a8210e2c524f4006b7abbb82895ebd2e>:0).  
45.08,Exception,IndexOutOfRangeException: Index was outside the bounds of the array.,SimpleController.FixedUpdate () (at <a8210e2c524f4006b7abbb82895ebd2e>:0).  
45.1,Exception,IndexOutOfRangeException: Index was outside the bounds of the array.,SimpleController.FixedUpdate () (at <a8210e2c524f4006b7abbb82895ebd2e>:0).  
45.12,Exception,IndexOutOfRangeException: Index was outside the bounds of the array.,SimpleController.FixedUpdate () (at <a8210e2c524f4006b7abbb82895ebd2e>:0).  
45.14,Exception,IndexOutOfRangeException: Index was outside the bounds of the array.,SimpleController.FixedUpdate () (at <a8210e2c524f4006b7abbb82895ebd2e>:0).  
45.16,Exception,IndexOutOfRangeException: Index was outside the bounds of the array.,SimpleController.FixedUpdate () (at <a8210e2c524f4006b7abbb82895ebd2e>:0).  
45.18,Exception,IndexOutOfRangeException: Index was outside the bounds of the array.,SimpleController.FixedUpdate () (at <a8210e2c524f4006b7abbb82895ebd2e>:0).  
45.2,Exception,IndexOutOfRangeException: Index was outside the bounds of the array.,SimpleController.FixedUpdate () (at <a8210e2c524f4006b7abbb82895ebd2e>:0).  
45.22,Exception,IndexOutOfRangeException: Index was outside the bounds of the array.,SimpleController.FixedUpdate () (at <a8210e2c524f4006b7abbb82895ebd2e>:0).  
45.24,Exception,IndexOutOfRangeException: Index was outside the bounds of the array.,SimpleController.FixedUpdate () (at <a8210e2c524f4006b7abbb82895ebd2e>:0).  
45.26,Exception,IndexOutOfRangeException: Index was outside the bounds of the array.,SimpleController.FixedUpdate () (at <a8210e2c524f4006b7abbb82895ebd2e>:0).  
45.28,Exception,IndexOutOfRangeException: Index was outside the bounds of the array.,SimpleController.FixedUpdate () (at <a8210e2c524f4006b7abbb82895ebd2e>:0).  
45.3,Exception,IndexOutOfRangeException: Index was outside the bounds of the array.,SimpleController.FixedUpdate () (at <a8210e2c524f4006b7abbb82895ebd2e>:0).  
45.32,Exception,IndexOutOfRangeException: Index was outside the bounds of the array.,SimpleController.FixedUpdate () (at <a8210e2c524f4006b7abbb82895ebd2e>:0).  
45.34,Exception,IndexOutOfRangeException: Index was outside the bounds of the array.,SimpleController.FixedUpdate () (at <a8210e2c524f4006b7abbb82895ebd2e>:0).  
45.36,Exception,IndexOutOfRangeException: Index was outside the bounds of the array.,SimpleController.FixedUpdate () (at <a8210e2c524f4006b7abbb82895ebd2e>:0).  
45.38,Exception,IndexOutOfRangeException: Index was outside the bounds of the array.,SimpleController.FixedUpdate () (at <a8210e2c524f4006b7abbb82895ebd2e>:0).  
45.4,Exception,IndexOutOfRangeException: Index was outside the bounds of the array.,SimpleController.FixedUpdate () (at <a8210e2c524f4006b7abbb82895ebd2e>:0).  
45.42,Exception,IndexOutOfRangeException: Index was outside the bounds of the array.,SimpleController.FixedUpdate () (at <a8210e2c524f4006b7abbb82895ebd2e>:0).  
45.44,Exception,IndexOutOfRangeException: Index was outside the bounds of the array.,SimpleController.FixedUpdate () (at <a8210e2c524f4006b7abbb82895ebd2e>:0).  
45.46,Exception,IndexOutOfRangeException: Index was outside the bounds of the array.,SimpleController.FixedUpdate () (at <a8210e2c524f4006b7abbb82895ebd2e>:0).  
45.48,Exception,IndexOutOfRangeException: Index was outside the bounds of the array.,SimpleController.FixedUpdate () (at <a8210e2c524f4006b7abbb82895ebd2e>:0).  
45.5,Exception,IndexOutOfRangeException: Index was outside the bounds of the array.,SimpleController.FixedUpdate () (at <a8210e2c524f4006b7abbb82895ebd2e>:0).  
45.52,Exception,IndexOutOfRangeException: Index was outside the bounds of the array.,SimpleController.FixedUpdate () (at <a8210e2c524f4006b7abbb82895ebd2e>:0).  
45.54,Exception,IndexOutOfRangeException: Index was outside the bounds of the array.,SimpleController.FixedUpdate () (at <a8210e2c524f4006b7abbb82895ebd2e>:0).  
45.56,Exception,IndexOutOfRangeException: Index was outside the bounds of the array.,SimpleController.FixedUpdate () (at <a8210e2c524f4006b7abbb82895ebd2e>:0).  
45.58,Exception,IndexOutOfRangeException: Index was outside the bounds of the array.,SimpleController.FixedUpdate () (at <a8210e2c524f4006b7abbb82895ebd2e>:0).  
45.6,Exception,IndexOutOfRangeException: Index was outside the bounds of the array.,SimpleController.FixedUpdate () (at <a8210e2c524f4006b7abbb82895ebd2e>:0).  
45.62,Exception,IndexOutOfRangeException: Index was outside the bounds of the array.,SimpleController.FixedUpdate () (at <a8210e2c524f4006b7abbb82895ebd2e>:0).  
45.64,Exception,IndexOutOfRangeException: Index was outside the bounds of the array.,SimpleController.FixedUpdate () (at <a8210e2c524f4006b7abbb82895ebd2e>:0).  
45.66,Exception,IndexOutOfRangeException: Index was outside the bounds of the array.,SimpleController.FixedUpdate () (at <a8210e2c524f4006b7abbb82895ebd2e>:0).  
45.68,Exception,IndexOutOfRangeException: Index was outside the bounds of the array.,SimpleController.FixedUpdate () (at <a8210e2c524f4006b7abbb82895ebd2e>:0).  
45.7,Exception,IndexOutOfRangeException: Index was outside the bounds of the array.,SimpleController.FixedUpdate () (at <a8210e2c524f4006b7abbb82895ebd2e>:0).  
45.72,Exception,IndexOutOfRangeException: Index was outside the bounds of the array.,SimpleController.FixedUpdate () (at <a8210e2c524f4006b7abbb82895ebd2e>:0).  
45.74,Exception,IndexOutOfRangeException: Index was outside the bounds of the array.,SimpleController.FixedUpdate () (at <a8210e2c524f4006b7abbb82895ebd2e>:0).  
45.76,Exception,IndexOutOfRangeException: Index was outside the bounds of the array.,SimpleController.FixedUpdate () (at <a8210e2c524f4006b7abbb82895ebd2e>:0).  
45.78,Exception,IndexOutOfRangeException: Index was outside the bounds of the array.,SimpleController.FixedUpdate () (at <a8210e2c524f4006b7abbb82895ebd2e>:0).  
45.8,Exception,IndexOutOfRangeException: Index was outside the bounds of the array.,SimpleController.FixedUpdate () (at <a8210e2c524f4006b7abbb82895ebd2e>:0).  
45.82,Exception,IndexOutOfRangeException: Index was outside the bounds of the array.,SimpleController.FixedUpdate () (at <a8210e2c524f4006b7abbb82895ebd2e>:0).  
45.84,Exception,IndexOutOfRangeException: Index was outside the bounds of the array.,SimpleController.FixedUpdate () (at <a8210e2c524f4006b7abbb82895ebd2e>:0).  
45.86,Exception,IndexOutOfRangeException: Index was outside the bounds of the array.,SimpleController.FixedUpdate () (at <a8210e2c524f4006b7abbb82895ebd2e>:0).  
45.88,Exception,IndexOutOfRangeException: Index was outside the bounds of the array.,SimpleController.FixedUpdate () (at <a8210e2c524f4006b7abbb82895ebd2e>:0).  
45.9,Exception,IndexOutOfRangeException: Index was outside the bounds of the array.,SimpleController.FixedUpdate () (at <a8210e2c524f4006b7abbb82895ebd2e>:0).  
45.92,Exception,IndexOutOfRangeException: Index was outside the bounds of the array.,SimpleController.FixedUpdate () (at <a8210e2c524f4006b7abbb82895ebd2e>:0).  
45.94,Exception,IndexOutOfRangeException: Index was outside the bounds of the array.,SimpleController.FixedUpdate () (at <a8210e2c524f4006b7abbb82895ebd2e>:0).  
45.96,Exception,IndexOutOfRangeException: Index was outside the bounds of the array.,SimpleController.FixedUpdate () (at <a8210e2c524f4006b7abbb82895ebd2e>:0).  
45.98,Exception,IndexOutOfRangeException: Index was outside the bounds of the array.,SimpleController.FixedUpdate () (at <a8210e2c524f4006b7abbb82895ebd2e>:0).  
46,Exception,IndexOutOfRangeException: Index was outside the bounds of the array.,SimpleController.FixedUpdate () (at <a8210e2c524f4006b7abbb82895ebd2e>:0).  
46.02,Exception,IndexOutOfRangeException: Index was outside the bounds of the array.,SimpleController.FixedUpdate () (at <a8210e2c524f4006b7abbb82895ebd2e>:0).  
46.04,Exception,IndexOutOfRangeException: Index was outside the bounds of the array.,SimpleController.FixedUpdate () (at <a8210e2c524f4006b7abbb82895ebd2e>:0).  
46.06,Exception,IndexOutOfRangeException: Index was outside the bounds of the array.,SimpleController.FixedUpdate () (at <a8210e2c524f4006b7abbb82895ebd2e>:0).  
46.08,Exception,IndexOutOfRangeException: Index was outside the bounds of the array.,SimpleController.FixedUpdate () (at <a8210e2c524f4006b7abbb82895ebd2e>:0).  
46.1,Exception,IndexOutOfRangeException: Index was outside the bounds of the array.,SimpleController.FixedUpdate () (at <a8210e2c524f4006b7abbb82895ebd2e>:0).  
46.12,Exception,IndexOutOfRangeException: Index was outside the bounds of the array.,SimpleController.FixedUpdate () (at <a8210e2c524f4006b7abbb82895ebd2e>:0).  
46.14,Exception,IndexOutOfRangeException: Index was outside the bounds of the array.,SimpleController.FixedUpdate () (at <a8210e2c524f4006b7abbb82895ebd2e>:0).  
46.16,Exception,IndexOutOfRangeException: Index was outside the bounds of the array.,SimpleController.FixedUpdate () (at <a8210e2c524f4006b7abbb82895ebd2e>:0).  
46.18,Exception,IndexOutOfRangeException: Index was outside the bounds of the array.,SimpleController.FixedUpdate () (at <a8210e2c524f4006b7abbb82895ebd2e>:0).  
46.2,Exception,IndexOutOfRangeException: Index was outside the bounds of the array.,SimpleController.FixedUpdate () (at <a8210e2c524f4006b7abbb82895ebd2e>:0).  
46.22,Exception,IndexOutOfRangeException: Index was outside the bounds of the array.,SimpleController.FixedUpdate () (at <a8210e2c524f4006b7abbb82895ebd2e>:0).  
46.24,Exception,IndexOutOfRangeException: Index was outside the bounds of the array.,SimpleController.FixedUpdate () (at <a8210e2c524f4006b7abbb82895ebd2e>:0).  
46.26,Exception,IndexOutOfRangeException: Index was outside the bounds of the array.,SimpleController.FixedUpdate () (at <a8210e2c524f4006b7abbb82895ebd2e>:0).  
46.28,Exception,IndexOutOfRangeException: Index was outside the bounds of the array.,SimpleController.FixedUpdate () (at <a8210e2c524f4006b7abbb82895ebd2e>:0).  
46.3,Exception,IndexOutOfRangeException: Index was outside the bounds of the array.,SimpleController.FixedUpdate () (at <a8210e2c524f4006b7abbb82895ebd2e>:0).  
46.32,Exception,IndexOutOfRangeException: Index was outside the bounds of the array.,SimpleController.FixedUpdate () (at <a8210e2c524f4006b7abbb82895ebd2e>:0).  
46.34,Exception,IndexOutOfRangeException: Index was outside the bounds of the array.,SimpleController.FixedUpdate () (at <a8210e2c524f4006b7abbb82895ebd2e>:0).  
46.36,Exception,IndexOutOfRangeException: Index was outside the bounds of the array.,SimpleController.FixedUpdate () (at <a8210e2c524f4006b7abbb82895ebd2e>:0).  
46.38,Exception,IndexOutOfRangeException: Index was outside the bounds of the array.,SimpleController.FixedUpdate () (at <a8210e2c524f4006b7abbb82895ebd2e>:0).  
46.4,Exception,IndexOutOfRangeException: Index was outside the bounds of the array.,SimpleController.FixedUpdate () (at <a8210e2c524f4006b7abbb82895ebd2e>:0).  
46.42,Exception,IndexOutOfRangeException: Index was outside the bounds of the array.,SimpleController.FixedUpdate () (at <a8210e2c524f4006b7abbb82895ebd2e>:0).  
46.44,Exception,IndexOutOfRangeException: Index was outside the bounds of the array.,SimpleController.FixedUpdate () (at <a8210e2c524f4006b7abbb82895ebd2e>:0).  
46.46,Exception,IndexOutOfRangeException: Index was outside the bounds of the array.,SimpleController.FixedUpdate () (at <a8210e2c524f4006b7abbb82895ebd2e>:0).  
46.48,Exception,IndexOutOfRangeException: Index was outside the bounds of the array.,SimpleController.FixedUpdate () (at <a8210e2c524f4006b7abbb82895ebd2e>:0).  
46.5,Exception,IndexOutOfRangeException: Index was outside the bounds of the array.,SimpleController.FixedUpdate () (at <a8210e2c524f4006b7abbb82895ebd2e>:0).  
46.52,Exception,IndexOutOfRangeException: Index was outside the bounds of the array.,SimpleController.FixedUpdate () (at <a8210e2c524f4006b7abbb82895ebd2e>:0).  
46.54,Exception,IndexOutOfRangeException: Index was outside the bounds of the array.,SimpleController.FixedUpdate () (at <a8210e2c524f4006b7abbb82895ebd2e>:0).  
46.56,Exception,IndexOutOfRangeException: Index was outside the bounds of the array.,SimpleController.FixedUpdate () (at <a8210e2c524f4006b7abbb82895ebd2e>:0).  
46.58,Exception,IndexOutOfRangeException: Index was outside the bounds of the array.,SimpleController.FixedUpdate () (at <a8210e2c524f4006b7abbb82895ebd2e>:0).  
46.6,Exception,IndexOutOfRangeException: Index was outside the bounds of the array.,SimpleController.FixedUpdate () (at <a8210e2c524f4006b7abbb82895ebd2e>:0).  
46.62,Exception,IndexOutOfRangeException: Index was outside the bounds of the array.,SimpleController.FixedUpdate () (at <a8210e2c524f4006b7abbb82895ebd2e>:0).  
46.64,Exception,IndexOutOfRangeException: Index was outside the bounds of the array.,SimpleController.FixedUpdate () (at <a8210e2c524f4006b7abbb82895ebd2e>:0).  
46.66,Exception,IndexOutOfRangeException: Index was outside the bounds of the array.,SimpleController.FixedUpdate () (at <a8210e2c524f4006b7abbb82895ebd2e>:0).  
46.68,Exception,IndexOutOfRangeException: Index was outside the bounds of the array.,SimpleController.FixedUpdate () (at <a8210e2c524f4006b7abbb82895ebd2e>:0).  
46.7,Exception,IndexOutOfRangeException: Index was outside the bounds of the array.,SimpleController.FixedUpdate () (at <a8210e2c524f4006b7abbb82895ebd2e>:0).  
46.72,Exception,IndexOutOfRangeException: Index was outside the bounds of the array.,SimpleController.FixedUpdate () (at <a8210e2c524f4006b7abbb82895ebd2e>:0).  
46.74,Exception,IndexOutOfRangeException: Index was outside the bounds of the array.,SimpleController.FixedUpdate () (at <a8210e2c524f4006b7abbb82895ebd2e>:0).  
46.76,Exception,IndexOutOfRangeException: Index was outside the bounds of the array.,SimpleController.FixedUpdate () (at <a8210e2c524f4006b7abbb82895ebd2e>:0).  
46.78,Exception,IndexOutOfRangeException: Index was outside the bounds of the array.,SimpleController.FixedUpdate () (at <a8210e2c524f4006b7abbb82895ebd2e>:0).  
46.8,Exception,IndexOutOfRangeException: Index was outside the bounds of the array.,SimpleController.FixedUpdate () (at <a8210e2c524f4006b7abbb82895ebd2e>:0).  
46.82,Exception,IndexOutOfRangeException: Index was outside the bounds of the array.,SimpleController.FixedUpdate () (at <a8210e2c524f4006b7abbb82895ebd2e>:0).  
46.84,Exception,IndexOutOfRangeException: Index was outside the bounds of the array.,SimpleController.FixedUpdate () (at <a8210e2c524f4006b7abbb82895ebd2e>:0).  
46.86,Exception,IndexOutOfRangeException: Index was outside the bounds of the array.,SimpleController.FixedUpdate () (at <a8210e2c524f4006b7abbb82895ebd2e>:0).  
46.88,Exception,IndexOutOfRangeException: Index was outside the bounds of the array.,SimpleController.FixedUpdate () (at <a8210e2c524f4006b7abbb82895ebd2e>:0).  
46.9,Exception,IndexOutOfRangeException: Index was outside the bounds of the array.,SimpleController.FixedUpdate () (at <a8210e2c524f4006b7abbb82895ebd2e>:0).  
46.92,Exception,IndexOutOfRangeException: Index was outside the bounds of the array.,SimpleController.FixedUpdate () (at <a8210e2c524f4006b7abbb82895ebd2e>:0).  
46.94,Exception,IndexOutOfRangeException: Index was outside the bounds of the array.,SimpleController.FixedUpdate () (at <a8210e2c524f4006b7abbb82895ebd2e>:0).  
46.96,Exception,IndexOutOfRangeException: Index was outside the bounds of the array.,SimpleController.FixedUpdate () (at <a8210e2c524f4006b7abbb82895ebd2e>:0).  
46.98,Exception,IndexOutOfRangeException: Index was outside the bounds of the array.,SimpleController.FixedUpdate () (at <a8210e2c524f4006b7abbb82895ebd2e>:0).  
47,Exception,IndexOutOfRangeException: Index was outside the bounds of the array.,SimpleController.FixedUpdate () (at <a8210e2c524f4006b7abbb82895ebd2e>:0).  
47.02,Exception,IndexOutOfRangeException: Index was outside the bounds of the array.,SimpleController.FixedUpdate () (at <a8210e2c524f4006b7abbb82895ebd2e>:0).  
47.04,Exception,IndexOutOfRangeException: Index was outside the bounds of the array.,SimpleController.FixedUpdate () (at <a8210e2c524f4006b7abbb82895ebd2e>:0).  
47.06,Exception,IndexOutOfRangeException: Index was outside the bounds of the array.,SimpleController.FixedUpdate () (at <a8210e2c524f4006b7abbb82895ebd2e>:0).  
47.08,Exception,IndexOutOfRangeException: Index was outside the bounds of the array.,SimpleController.FixedUpdate () (at <a8210e2c524f4006b7abbb82895ebd2e>:0).  
47.1,Exception,IndexOutOfRangeException: Index was outside the bounds of the array.,SimpleController.FixedUpdate () (at <a8210e2c524f4006b7abbb82895ebd2e>:0).  
47.12,Exception,IndexOutOfRangeException: Index was outside the bounds of the array.,SimpleController.FixedUpdate () (at <a8210e2c524f4006b7abbb82895ebd2e>:0).  
47.14,Exception,IndexOutOfRangeException: Index was outside the bounds of the array.,SimpleController.FixedUpdate () (at <a8210e2c524f4006b7abbb82895ebd2e>:0).  
47.16,Exception,IndexOutOfRangeException: Index was outside the bounds of the array.,SimpleController.FixedUpdate () (at <a8210e2c524f4006b7abbb82895ebd2e>:0).  
47.18,Exception,IndexOutOfRangeException: Index was outside the bounds of the array.,SimpleController.FixedUpdate () (at <a8210e2c524f4006b7abbb82895ebd2e>:0).  
47.2,Exception,IndexOutOfRangeException: Index was outside the bounds of the array.,SimpleController.FixedUpdate () (at <a8210e2c524f4006b7abbb82895ebd2e>:0).  
47.22,Exception,IndexOutOfRangeException: Index was outside the bounds of the array.,SimpleController.FixedUpdate () (at <a8210e2c524f4006b7abbb82895ebd2e>:0).  
47.24,Exception,IndexOutOfRangeException: Index was outside the bounds of the array.,SimpleController.FixedUpdate () (at <a8210e2c524f4006b7abbb82895ebd2e>:0).  
47.26,Exception,IndexOutOfRangeException: Index was outside the bounds of the array.,SimpleController.FixedUpdate () (at <a8210e2c524f4006b7abbb82895ebd2e>:0).  
47.28,Exception,IndexOutOfRangeException: Index was outside the bounds of the array.,SimpleController.FixedUpdate () (at <a8210e2c524f4006b7abbb82895ebd2e>:0).  
47.3,Exception,IndexOutOfRangeException: Index was outside the bounds of the array.,SimpleController.FixedUpdate () (at <a8210e2c524f4006b7abbb82895ebd2e>:0).  
47.32,Exception,IndexOutOfRangeException: Index was outside the bounds of the array.,SimpleController.FixedUpdate () (at <a8210e2c524f4006b7abbb82895ebd2e>:0).  
47.34,Exception,IndexOutOfRangeException: Index was outside the bounds of the array.,SimpleController.FixedUpdate () (at <a8210e2c524f4006b7abbb82895ebd2e>:0).  
47.36,Exception,IndexOutOfRangeException: Index was outside the bounds of the array.,SimpleController.FixedUpdate () (at <a8210e2c524f4006b7abbb82895ebd2e>:0).  
47.38,Exception,IndexOutOfRangeException: Index was outside the bounds of the array.,SimpleController.FixedUpdate () (at <a8210e2c524f4006b7abbb82895ebd2e>:0).  
47.4,Exception,IndexOutOfRangeException: Index was outside the bounds of the array.,SimpleController.FixedUpdate () (at <a8210e2c524f4006b7abbb82895ebd2e>:0).  
47.42,Exception,IndexOutOfRangeException: Index was outside the bounds of the array.,SimpleController.FixedUpdate () (at <a8210e2c524f4006b7abbb82895ebd2e>:0).  
47.44,Exception,IndexOutOfRangeException: Index was outside the bounds of the array.,SimpleController.FixedUpdate () (at <a8210e2c524f4006b7abbb82895ebd2e>:0).  
47.46,Exception,IndexOutOfRangeException: Index was outside the bounds of the array.,SimpleController.FixedUpdate () (at <a8210e2c524f4006b7abbb82895ebd2e>:0).  
47.48,Exception,IndexOutOfRangeException: Index was outside the bounds of the array.,SimpleController.FixedUpdate () (at <a8210e2c524f4006b7abbb82895ebd2e>:0).  
47.5,Exception,IndexOutOfRangeException: Index was outside the bounds of the array.,SimpleController.FixedUpdate () (at <a8210e2c524f4006b7abbb82895ebd2e>:0).  
47.52,Exception,IndexOutOfRangeException: Index was outside the bounds of the array.,SimpleController.FixedUpdate () (at <a8210e2c524f4006b7abbb82895ebd2e>:0).  
47.54,Exception,IndexOutOfRangeException: Index was outside the bounds of the array.,SimpleController.FixedUpdate () (at <a8210e2c524f4006b7abbb82895ebd2e>:0).  
47.56,Exception,IndexOutOfRangeException: Index was outside the bounds of the array.,SimpleController.FixedUpdate () (at <a8210e2c524f4006b7abbb82895ebd2e>:0).  
47.58,Exception,IndexOutOfRangeException: Index was outside the bounds of the array.,SimpleController.FixedUpdate () (at <a8210e2c524f4006b7abbb82895ebd2e>:0).  
47.6,Exception,IndexOutOfRangeException: Index was outside the bounds of the array.,SimpleController.FixedUpdate () (at <a8210e2c524f4006b7abbb82895ebd2e>:0).  
47.62,Exception,IndexOutOfRangeException: Index was outside the bounds of the array.,SimpleController.FixedUpdate () (at <a8210e2c524f4006b7abbb82895ebd2e>:0).  
47.64,Exception,IndexOutOfRangeException: Index was outside the bounds of the array.,SimpleController.FixedUpdate () (at <a8210e2c524f4006b7abbb82895ebd2e>:0).  
47.66,Exception,IndexOutOfRangeException: Index was outside the bounds of the array.,SimpleController.FixedUpdate () (at <a8210e2c524f4006b7abbb82895ebd2e>:0).  
47.68,Exception,IndexOutOfRangeException: Index was outside the bounds of the array.,SimpleController.FixedUpdate () (at <a8210e2c524f4006b7abbb82895ebd2e>:0).  
47.7,Exception,IndexOutOfRangeException: Index was outside the bounds of the array.,SimpleController.FixedUpdate () (at <a8210e2c524f4006b7abbb82895ebd2e>:0).  
47.72,Exception,IndexOutOfRangeException: Index was outside the bounds of the array.,SimpleController.FixedUpdate () (at <a8210e2c524f4006b7abbb82895ebd2e>:0).  
47.74,Exception,IndexOutOfRangeException: Index was outside the bounds of the array.,SimpleController.FixedUpdate () (at <a8210e2c524f4006b7abbb82895ebd2e>:0).  
47.76,Exception,IndexOutOfRangeException: Index was outside the bounds of the array.,SimpleController.FixedUpdate () (at <a8210e2c524f4006b7abbb82895ebd2e>:0).  
47.78,Exception,IndexOutOfRangeException: Index was outside the bounds of the array.,SimpleController.FixedUpdate () (at <a8210e2c524f4006b7abbb82895ebd2e>:0).  
47.8,Exception,IndexOutOfRangeException: Index was outside the bounds of the array.,SimpleController.FixedUpdate () (at <a8210e2c524f4006b7abbb82895ebd2e>:0).  
47.82,Exception,IndexOutOfRangeException: Index was outside the bounds of the array.,SimpleController.FixedUpdate () (at <a8210e2c524f4006b7abbb82895ebd2e>:0).  
47.84,Exception,IndexOutOfRangeException: Index was outside the bounds of the array.,SimpleController.FixedUpdate () (at <a8210e2c524f4006b7abbb82895ebd2e>:0).  
47.86,Exception,IndexOutOfRangeException: Index was outside the bounds of the array.,SimpleController.FixedUpdate () (at <a8210e2c524f4006b7abbb82895ebd2e>:0).  
47.88,Exception,IndexOutOfRangeException: Index was outside the bounds of the array.,SimpleController.FixedUpdate () (at <a8210e2c524f4006b7abbb82895ebd2e>:0).  
47.9,Exception,IndexOutOfRangeException: Index was outside the bounds of the array.,SimpleController.FixedUpdate () (at <a8210e2c524f4006b7abbb82895ebd2e>:0).  
47.92,Exception,IndexOutOfRangeException: Index was outside the bounds of the array.,SimpleController.FixedUpdate () (at <a8210e2c524f4006b7abbb82895ebd2e>:0).  
47.94,Exception,IndexOutOfRangeException: Index was outside the bounds of the array.,SimpleController.FixedUpdate () (at <a8210e2c524f4006b7abbb82895ebd2e>:0).  
47.96,Exception,IndexOutOfRangeException: Index was outside the bounds of the array.,SimpleController.FixedUpdate () (at <a8210e2c524f4006b7abbb82895ebd2e>:0).  
47.98,Exception,IndexOutOfRangeException: Index was outside the bounds of the array.,SimpleController.FixedUpdate () (at <a8210e2c524f4006b7abbb82895ebd2e>:0).  
48,Exception,IndexOutOfRangeException: Index was outside the bounds of the array.,SimpleController.FixedUpdate () (at <a8210e2c524f4006b7abbb82895ebd2e>:0).  
48.02,Exception,IndexOutOfRangeException: Index was outside the bounds of the array.,SimpleController.FixedUpdate () (at <a8210e2c524f4006b7abbb82895ebd2e>:0).  
48.04,Exception,IndexOutOfRangeException: Index was outside the bounds of the array.,SimpleController.FixedUpdate () (at <a8210e2c524f4006b7abbb82895ebd2e>:0).  
48.06,Exception,IndexOutOfRangeException: Index was outside the bounds of the array.,SimpleController.FixedUpdate () (at <a8210e2c524f4006b7abbb82895ebd2e>:0).  
48.08,Exception,IndexOutOfRangeException: Index was outside the bounds of the array.,SimpleController.FixedUpdate () (at <a8210e2c524f4006b7abbb82895ebd2e>:0).  
48.1,Exception,IndexOutOfRangeException: Index was outside the bounds of the array.,SimpleController.FixedUpdate () (at <a8210e2c524f4006b7abbb82895ebd2e>:0).  
48.12,Exception,IndexOutOfRangeException: Index was outside the bounds of the array.,SimpleController.FixedUpdate () (at <a8210e2c524f4006b7abbb82895ebd2e>:0).  
48.14,Exception,IndexOutOfRangeException: Index was outside the bounds of the array.,SimpleController.FixedUpdate () (at <a8210e2c524f4006b7abbb82895ebd2e>:0).  
48.16,Exception,IndexOutOfRangeException: Index was outside the bounds of the array.,SimpleController.FixedUpdate () (at <a8210e2c524f4006b7abbb82895ebd2e>:0).  
48.18,Exception,IndexOutOfRangeException: Index was outside the bounds of the array.,SimpleController.FixedUpdate () (at <a8210e2c524f4006b7abbb82895ebd2e>:0).  
48.2,Exception,IndexOutOfRangeException: Index was outside the bounds of the array.,SimpleController.FixedUpdate () (at <a8210e2c524f4006b7abbb82895ebd2e>:0).  
48.22,Exception,IndexOutOfRangeException: Index was outside the bounds of the array.,SimpleController.FixedUpdate () (at <a8210e2c524f4006b7abbb82895ebd2e>:0).  
48.24,Exception,IndexOutOfRangeException: Index was outside the bounds of the array.,SimpleController.FixedUpdate () (at <a8210e2c524f4006b7abbb82895ebd2e>:0).  
48.26,Exception,IndexOutOfRangeException: Index was outside the bounds of the array.,SimpleController.FixedUpdate () (at <a8210e2c524f4006b7abbb82895ebd2e>:0).  
48.28,Exception,IndexOutOfRangeException: Index was outside the bounds of the array.,SimpleController.FixedUpdate () (at <a8210e2c524f4006b7abbb82895ebd2e>:0).  
48.3,Exception,IndexOutOfRangeException: Index was outside the bounds of the array.,SimpleController.FixedUpdate () (at <a8210e2c524f4006b7abbb82895ebd2e>:0).  
48.32,Exception,IndexOutOfRangeException: Index was outside the bounds of the array.,SimpleController.FixedUpdate () (at <a8210e2c524f4006b7abbb82895ebd2e>:0).  
48.34,Exception,IndexOutOfRangeException: Index was outside the bounds of the array.,SimpleController.FixedUpdate () (at <a8210e2c524f4006b7abbb82895ebd2e>:0).  
48.36,Exception,IndexOutOfRangeException: Index was outside the bounds of the array.,SimpleController.FixedUpdate () (at <a8210e2c524f4006b7abbb82895ebd2e>:0).  
48.38,Exception,IndexOutOfRangeException: Index was outside the bounds of the array.,SimpleController.FixedUpdate () (at <a8210e2c524f4006b7abbb82895ebd2e>:0).  
48.4,Exception,IndexOutOfRangeException: Index was outside the bounds of the array.,SimpleController.FixedUpdate () (at <a8210e2c524f4006b7abbb82895ebd2e>:0).  
48.42,Exception,IndexOutOfRangeException: Index was outside the bounds of the array.,SimpleController.FixedUpdate () (at <a8210e2c524f4006b7abbb82895ebd2e>:0).  
48.44,Exception,IndexOutOfRangeException: Index was outside the bounds of the array.,SimpleController.FixedUpdate () (at <a8210e2c524f4006b7abbb82895ebd2e>:0).  
48.46,Exception,IndexOutOfRangeException: Index was outside the bounds of the array.,SimpleController.FixedUpdate () (at <a8210e2c524f4006b7abbb82895ebd2e>:0).  
48.48,Exception,IndexOutOfRangeException: Index was outside the bounds of the array.,SimpleController.FixedUpdate () (at <a8210e2c524f4006b7abbb82895ebd2e>:0).  
48.5,Exception,IndexOutOfRangeException: Index was outside the bounds of the array.,SimpleController.FixedUpdate () (at <a8210e2c524f4006b7abbb82895ebd2e>:0).  
48.52,Exception,IndexOutOfRangeException: Index was outside the bounds of the array.,SimpleController.FixedUpdate () (at <a8210e2c524f4006b7abbb82895ebd2e>:0).  
48.54,Exception,IndexOutOfRangeException: Index was outside the bounds of the array.,SimpleController.FixedUpdate () (at <a8210e2c524f4006b7abbb82895ebd2e>:0).  
48.56,Exception,IndexOutOfRangeException: Index was outside the bounds of the array.,SimpleController.FixedUpdate () (at <a8210e2c524f4006b7abbb82895ebd2e>:0).  
48.58,Exception,IndexOutOfRangeException: Index was outside the bounds of the array.,SimpleController.FixedUpdate () (at <a8210e2c524f4006b7abbb82895ebd2e>:0).  
48.6,Exception,IndexOutOfRangeException: Index was outside the bounds of the array.,SimpleController.FixedUpdate () (at <a8210e2c524f4006b7abbb82895ebd2e>:0).  
48.62,Exception,IndexOutOfRangeException: Index was outside the bounds of the array.,SimpleController.FixedUpdate () (at <a8210e2c524f4006b7abbb82895ebd2e>:0).  
48.64,Exception,IndexOutOfRangeException: Index was outside the bounds of the array.,SimpleController.FixedUpdate () (at <a8210e2c524f4006b7abbb82895ebd2e>:0).  
48.66,Exception,IndexOutOfRangeException: Index was outside the bounds of the array.,SimpleController.FixedUpdate () (at <a8210e2c524f4006b7abbb82895ebd2e>:0).  
48.68,Exception,IndexOutOfRangeException: Index was outside the bounds of the array.,SimpleController.FixedUpdate () (at <a8210e2c524f4006b7abbb82895ebd2e>:0).  
48.7,Exception,IndexOutOfRangeException: Index was outside the bounds of the array.,SimpleController.FixedUpdate () (at <a8210e2c524f4006b7abbb82895ebd2e>:0).  
48.72,Exception,IndexOutOfRangeException: Index was outside the bounds of the array.,SimpleController.FixedUpdate () (at <a8210e2c524f4006b7abbb82895ebd2e>:0).  
48.74,Exception,IndexOutOfRangeException: Index was outside the bounds of the array.,SimpleController.FixedUpdate () (at <a8210e2c524f4006b7abbb82895ebd2e>:0).  
48.76,Exception,IndexOutOfRangeException: Index was outside the bounds of the array.,SimpleController.FixedUpdate () (at <a8210e2c524f4006b7abbb82895ebd2e>:0).  
48.78,Exception,IndexOutOfRangeException: Index was outside the bounds of the array.,SimpleController.FixedUpdate () (at <a8210e2c524f4006b7abbb82895ebd2e>:0).  
48.8,Exception,IndexOutOfRangeException: Index was outside the bounds of the array.,SimpleController.FixedUpdate () (at <a8210e2c524f4006b7abbb82895ebd2e>:0).  
48.82,Exception,IndexOutOfRangeException: Index was outside the bounds of the array.,SimpleController.FixedUpdate () (at <a8210e2c524f4006b7abbb82895ebd2e>:0).  
48.84,Exception,IndexOutOfRangeException: Index was outside the bounds of the array.,SimpleController.FixedUpdate () (at <a8210e2c524f4006b7abbb82895ebd2e>:0).  
48.86,Exception,IndexOutOfRangeException: Index was outside the bounds of the array.,SimpleController.FixedUpdate () (at <a8210e2c524f4006b7abbb82895ebd2e>:0).  
48.88,Exception,IndexOutOfRangeException: Index was outside the bounds of the array.,SimpleController.FixedUpdate () (at <a8210e2c524f4006b7abbb82895ebd2e>:0).  
48.9,Exception,IndexOutOfRangeException: Index was outside the bounds of the array.,SimpleController.FixedUpdate () (at <a8210e2c524f4006b7abbb82895ebd2e>:0).  
48.92,Exception,IndexOutOfRangeException: Index was outside the bounds of the array.,SimpleController.FixedUpdate () (at <a8210e2c524f4006b7abbb82895ebd2e>:0).  
48.94,Exception,IndexOutOfRangeException: Index was outside the bounds of the array.,SimpleController.FixedUpdate () (at <a8210e2c524f4006b7abbb82895ebd2e>:0).  
48.96,Exception,IndexOutOfRangeException: Index was outside the bounds of the array.,SimpleController.FixedUpdate () (at <a8210e2c524f4006b7abbb82895ebd2e>:0).  
48.98,Exception,IndexOutOfRangeException: Index was outside the bounds of the array.,SimpleController.FixedUpdate () (at <a8210e2c524f4006b7abbb82895ebd2e>:0).  
49,Exception,IndexOutOfRangeException: Index was outside the bounds of the array.,SimpleController.FixedUpdate () (at <a8210e2c524f4006b7abbb82895ebd2e>:0).  
49.02,Exception,IndexOutOfRangeException: Index was outside the bounds of the array.,SimpleController.FixedUpdate () (at <a8210e2c524f4006b7abbb82895ebd2e>:0).  
49.04,Exception,IndexOutOfRangeException: Index was outside the bounds of the array.,SimpleController.FixedUpdate () (at <a8210e2c524f4006b7abbb82895ebd2e>:0).  
49.06,Exception,IndexOutOfRangeException: Index was outside the bounds of the array.,SimpleController.FixedUpdate () (at <a8210e2c524f4006b7abbb82895ebd2e>:0).  
49.08,Exception,IndexOutOfRangeException: Index was outside the bounds of the array.,SimpleController.FixedUpdate () (at <a8210e2c524f4006b7abbb82895ebd2e>:0).  
49.1,Exception,IndexOutOfRangeException: Index was outside the bounds of the array.,SimpleController.FixedUpdate () (at <a8210e2c524f4006b7abbb82895ebd2e>:0).  
49.12,Exception,IndexOutOfRangeException: Index was outside the bounds of the array.,SimpleController.FixedUpdate () (at <a8210e2c524f4006b7abbb82895ebd2e>:0).  
49.14,Exception,IndexOutOfRangeException: Index was outside the bounds of the array.,SimpleController.FixedUpdate () (at <a8210e2c524f4006b7abbb82895ebd2e>:0).  
49.16,Exception,IndexOutOfRangeException: Index was outside the bounds of the array.,SimpleController.FixedUpdate () (at <a8210e2c524f4006b7abbb82895ebd2e>:0).  
49.18,Exception,IndexOutOfRangeException: Index was outside the bounds of the array.,SimpleController.FixedUpdate () (at <a8210e2c524f4006b7abbb82895ebd2e>:0).  
49.2,Exception,IndexOutOfRangeException: Index was outside the bounds of the array.,SimpleController.FixedUpdate () (at <a8210e2c524f4006b7abbb82895ebd2e>:0).  
49.22,Exception,IndexOutOfRangeException: Index was outside the bounds of the array.,SimpleController.FixedUpdate () (at <a8210e2c524f4006b7abbb82895ebd2e>:0).  
49.24,Exception,IndexOutOfRangeException: Index was outside the bounds of the array.,SimpleController.FixedUpdate () (at <a8210e2c524f4006b7abbb82895ebd2e>:0).  
49.26,Exception,IndexOutOfRangeException: Index was outside the bounds of the array.,SimpleController.FixedUpdate () (at <a8210e2c524f4006b7abbb82895ebd2e>:0).  
49.28,Exception,IndexOutOfRangeException: Index was outside the bounds of the array.,SimpleController.FixedUpdate () (at <a8210e2c524f4006b7abbb82895ebd2e>:0).  
49.3,Exception,IndexOutOfRangeException: Index was outside the bounds of the array.,SimpleController.FixedUpdate () (at <a8210e2c524f4006b7abbb82895ebd2e>:0).  
49.32,Exception,IndexOutOfRangeException: Index was outside the bounds of the array.,SimpleController.FixedUpdate () (at <a8210e2c524f4006b7abbb82895ebd2e>:0).  
49.34,Exception,IndexOutOfRangeException: Index was outside the bounds of the array.,SimpleController.FixedUpdate () (at <a8210e2c524f4006b7abbb82895ebd2e>:0).  
49.36,Exception,IndexOutOfRangeException: Index was outside the bounds of the array.,SimpleController.FixedUpdate () (at <a8210e2c524f4006b7abbb82895ebd2e>:0).  
49.38,Exception,IndexOutOfRangeException: Index was outside the bounds of the array.,SimpleController.FixedUpdate () (at <a8210e2c524f4006b7abbb82895ebd2e>:0).  
49.4,Exception,IndexOutOfRangeException: Index was outside the bounds of the array.,SimpleController.FixedUpdate () (at <a8210e2c524f4006b7abbb82895ebd2e>:0).  
49.42,Exception,IndexOutOfRangeException: Index was outside the bounds of the array.,SimpleController.FixedUpdate () (at <a8210e2c524f4006b7abbb82895ebd2e>:0).  
49.44,Exception,IndexOutOfRangeException: Index was outside the bounds of the array.,SimpleController.FixedUpdate () (at <a8210e2c524f4006b7abbb82895ebd2e>:0).  
49.46,Exception,IndexOutOfRangeException: Index was outside the bounds of the array.,SimpleController.FixedUpdate () (at <a8210e2c524f4006b7abbb82895ebd2e>:0).  
49.48,Exception,IndexOutOfRangeException: Index was outside the bounds of the array.,SimpleController.FixedUpdate () (at <a8210e2c524f4006b7abbb82895ebd2e>:0).  
49.5,Exception,IndexOutOfRangeException: Index was outside the bounds of the array.,SimpleController.FixedUpdate () (at <a8210e2c524f4006b7abbb82895ebd2e>:0).  
49.52,Exception,IndexOutOfRangeException: Index was outside the bounds of the array.,SimpleController.FixedUpdate () (at <a8210e2c524f4006b7abbb82895ebd2e>:0).  
49.54,Exception,IndexOutOfRangeException: Index was outside the bounds of the array.,SimpleController.FixedUpdate () (at <a8210e2c524f4006b7abbb82895ebd2e>:0).  
49.56,Exception,IndexOutOfRangeException: Index was outside the bounds of the array.,SimpleController.FixedUpdate () (at <a8210e2c524f4006b7abbb82895ebd2e>:0).  
49.58,Exception,IndexOutOfRangeException: Index was outside the bounds of the array.,SimpleController.FixedUpdate () (at <a8210e2c524f4006b7abbb82895ebd2e>:0).  
49.6,Exception,IndexOutOfRangeException: Index was outside the bounds of the array.,SimpleController.FixedUpdate () (at <a8210e2c524f4006b7abbb82895ebd2e>:0).  
49.62,Exception,IndexOutOfRangeException: Index was outside the bounds of the array.,SimpleController.FixedUpdate () (at <a8210e2c524f4006b7abbb82895ebd2e>:0).  
49.64,Exception,IndexOutOfRangeException: Index was outside the bounds of the array.,SimpleController.FixedUpdate () (at <a8210e2c524f4006b7abbb82895ebd2e>:0).  
49.66,Exception,IndexOutOfRangeException: Index was outside the bounds of the array.,SimpleController.FixedUpdate () (at <a8210e2c524f4006b7abbb82895ebd2e>:0).  
49.68,Exception,IndexOutOfRangeException: Index was outside the bounds of the array.,SimpleController.FixedUpdate () (at <a8210e2c524f4006b7abbb82895ebd2e>:0).  
49.7,Exception,IndexOutOfRangeException: Index was outside the bounds of the array.,SimpleController.FixedUpdate () (at <a8210e2c524f4006b7abbb82895ebd2e>:0).  
49.72,Exception,IndexOutOfRangeException: Index was outside the bounds of the array.,SimpleController.FixedUpdate () (at <a8210e2c524f4006b7abbb82895ebd2e>:0).  
49.74,Exception,IndexOutOfRangeException: Index was outside the bounds of the array.,SimpleController.FixedUpdate () (at <a8210e2c524f4006b7abbb82895ebd2e>:0).  
49.76,Exception,IndexOutOfRangeException: Index was outside the bounds of the array.,SimpleController.FixedUpdate () (at <a8210e2c524f4006b7abbb82895ebd2e>:0).  
49.78,Exception,IndexOutOfRangeException: Index was outside the bounds of the array.,SimpleController.FixedUpdate () (at <a8210e2c524f4006b7abbb82895ebd2e>:0).  
49.8,Exception,IndexOutOfRangeException: Index was outside the bounds of the array.,SimpleController.FixedUpdate () (at <a8210e2c524f4006b7abbb82895ebd2e>:0).  
49.82,Exception,IndexOutOfRangeException: Index was outside the bounds of the array.,SimpleController.FixedUpdate () (at <a8210e2c524f4006b7abbb82895ebd2e>:0).  
49.84,Exception,IndexOutOfRangeException: Index was outside the bounds of the array.,SimpleController.FixedUpdate () (at <a8210e2c524f4006b7abbb82895ebd2e>:0).  
49.86,Exception,IndexOutOfRangeException: Index was outside the bounds of the array.,SimpleController.FixedUpdate () (at <a8210e2c524f4006b7abbb82895ebd2e>:0).  
49.88,Exception,IndexOutOfRangeException: Index was outside the bounds of the array.,SimpleController.FixedUpdate () (at <a8210e2c524f4006b7abbb82895ebd2e>:0).  
49.9,Exception,IndexOutOfRangeException: Index was outside the bounds of the array.,SimpleController.FixedUpdate () (at <a8210e2c524f4006b7abbb82895ebd2e>:0).  
49.92,Exception,IndexOutOfRangeException: Index was outside the bounds of the array.,SimpleController.FixedUpdate () (at <a8210e2c524f4006b7abbb82895ebd2e>:0).  
49.94,Exception,IndexOutOfRangeException: Index was outside the bounds of the array.,SimpleController.FixedUpdate () (at <a8210e2c524f4006b7abbb82895ebd2e>:0).  
49.96,Exception,IndexOutOfRangeException: Index was outside the bounds of the array.,SimpleController.FixedUpdate () (at <a8210e2c524f4006b7abbb82895ebd2e>:0).  
49.98,Exception,IndexOutOfRangeException: Index was outside the bounds of the array.,SimpleController.FixedUpdate () (at <a8210e2c524f4006b7abbb82895ebd2e>:0).  
50,Exception,IndexOutOfRangeException: Index was outside the bounds of the array.,SimpleController.FixedUpdate () (at <a8210e2c524f4006b7abbb82895ebd2e>:0).  
50.02,Exception,IndexOutOfRangeException: Index was outside the bounds of the array.,SimpleController.FixedUpdate () (at <a8210e2c524f4006b7abbb82895ebd2e>:0).  
50.04,Exception,IndexOutOfRangeException: Index was outside the bounds of the array.,SimpleController.FixedUpdate () (at <a8210e2c524f4006b7abbb82895ebd2e>:0).  
50.06,Exception,IndexOutOfRangeException: Index was outside the bounds of the array.,SimpleController.FixedUpdate () (at <a8210e2c524f4006b7abbb82895ebd2e>:0).  
50.08,Exception,IndexOutOfRangeException: Index was outside the bounds of the array.,SimpleController.FixedUpdate () (at <a8210e2c524f4006b7abbb82895ebd2e>:0).  
50.1,Exception,IndexOutOfRangeException: Index was outside the bounds of the array.,SimpleController.FixedUpdate () (at <a8210e2c524f4006b7abbb82895ebd2e>:0).  
50.12,Exception,IndexOutOfRangeException: Index was outside the bounds of the array.,SimpleController.FixedUpdate () (at <a8210e2c524f4006b7abbb82895ebd2e>:0).  
50.14,Exception,IndexOutOfRangeException: Index was outside the bounds of the array.,SimpleController.FixedUpdate () (at <a8210e2c524f4006b7abbb82895ebd2e>:0).  
50.16,Exception,IndexOutOfRangeException: Index was outside the bounds of the array.,SimpleController.FixedUpdate () (at <a8210e2c524f4006b7abbb82895ebd2e>:0).  
50.18,Exception,IndexOutOfRangeException: Index was outside the bounds of the array.,SimpleController.FixedUpdate () (at <a8210e2c524f4006b7abbb82895ebd2e>:0).  
50.2,Exception,IndexOutOfRangeException: Index was outside the bounds of the array.,SimpleController.FixedUpdate () (at <a8210e2c524f4006b7abbb82895ebd2e>:0).  
50.22,Exception,IndexOutOfRangeException: Index was outside the bounds of the array.,SimpleController.FixedUpdate () (at <a8210e2c524f4006b7abbb82895ebd2e>:0).  
50.24,Exception,IndexOutOfRangeException: Index was outside the bounds of the array.,SimpleController.FixedUpdate () (at <a8210e2c524f4006b7abbb82895ebd2e>:0).  
50.26,Exception,IndexOutOfRangeException: Index was outside the bounds of the array.,SimpleController.FixedUpdate () (at <a8210e2c524f4006b7abbb82895ebd2e>:0).  
50.28,Exception,IndexOutOfRangeException: Index was outside the bounds of the array.,SimpleController.FixedUpdate () (at <a8210e2c524f4006b7abbb82895ebd2e>:0).  
50.3,Exception,IndexOutOfRangeException: Index was outside the bounds of the array.,SimpleController.FixedUpdate () (at <a8210e2c524f4006b7abbb82895ebd2e>:0).  
50.32,Exception,IndexOutOfRangeException: Index was outside the bounds of the array.,SimpleController.FixedUpdate () (at <a8210e2c524f4006b7abbb82895ebd2e>:0).  
50.34,Exception,IndexOutOfRangeException: Index was outside the bounds of the array.,SimpleController.FixedUpdate () (at <a8210e2c524f4006b7abbb82895ebd2e>:0).  
50.36,Exception,IndexOutOfRangeException: Index was outside the bounds of the array.,SimpleController.FixedUpdate () (at <a8210e2c524f4006b7abbb82895ebd2e>:0).  
50.38,Exception,IndexOutOfRangeException: Index was outside the bounds of the array.,SimpleController.FixedUpdate () (at <a8210e2c524f4006b7abbb82895ebd2e>:0).  
50.4,Exception,IndexOutOfRangeException: Index was outside the bounds of the array.,SimpleController.FixedUpdate () (at <a8210e2c524f4006b7abbb82895ebd2e>:0).  
50.42,Exception,IndexOutOfRangeException: Index was outside the bounds of the array.,SimpleController.FixedUpdate () (at <a8210e2c524f4006b7abbb82895ebd2e>:0).  
50.44,Exception,IndexOutOfRangeException: Index was outside the bounds of the array.,SimpleController.FixedUpdate () (at <a8210e2c524f4006b7abbb82895ebd2e>:0).  
50.46,Exception,IndexOutOfRangeException: Index was outside the bounds of the array.,SimpleController.FixedUpdate () (at <a8210e2c524f4006b7abbb82895ebd2e>:0).  
50.48,Exception,IndexOutOfRangeException: Index was outside the bounds of the array.,SimpleController.FixedUpdate () (at <a8210e2c524f4006b7abbb82895ebd2e>:0).  
50.5,Exception,IndexOutOfRangeException: Index was outside the bounds of the array.,SimpleController.FixedUpdate () (at <a8210e2c524f4006b7abbb82895ebd2e>:0).  
50.52,Exception,IndexOutOfRangeException: Index was outside the bounds of the array.,SimpleController.FixedUpdate () (at <a8210e2c524f4006b7abbb82895ebd2e>:0).  
50.54,Exception,IndexOutOfRangeException: Index was outside the bounds of the array.,SimpleController.FixedUpdate () (at <a8210e2c524f4006b7abbb82895ebd2e>:0).  
50.56,Exception,IndexOutOfRangeException: Index was outside the bounds of the array.,SimpleController.FixedUpdate () (at <a8210e2c524f4006b7abbb82895ebd2e>:0).  
50.58,Exception,IndexOutOfRangeException: Index was outside the bounds of the array.,SimpleController.FixedUpdate () (at <a8210e2c524f4006b7abbb82895ebd2e>:0).  
50.6,Exception,IndexOutOfRangeException: Index was outside the bounds of the array.,SimpleController.FixedUpdate () (at <a8210e2c524f4006b7abbb82895ebd2e>:0).  
50.62,Exception,IndexOutOfRangeException: Index was outside the bounds of the array.,SimpleController.FixedUpdate () (at <a8210e2c524f4006b7abbb82895ebd2e>:0).  
50.64,Exception,IndexOutOfRangeException: Index was outside the bounds of the array.,SimpleController.FixedUpdate () (at <a8210e2c524f4006b7abbb82895ebd2e>:0).  
50.66,Exception,IndexOutOfRangeException: Index was outside the bounds of the array.,SimpleController.FixedUpdate () (at <a8210e2c524f4006b7abbb82895ebd2e>:0).  
50.68,Exception,IndexOutOfRangeException: Index was outside the bounds of the array.,SimpleController.FixedUpdate () (at <a8210e2c524f4006b7abbb82895ebd2e>:0).  
50.7,Exception,IndexOutOfRangeException: Index was outside the bounds of the array.,SimpleController.FixedUpdate () (at <a8210e2c524f4006b7abbb82895ebd2e>:0).  
50.72,Exception,IndexOutOfRangeException: Index was outside the bounds of the array.,SimpleController.FixedUpdate () (at <a8210e2c524f4006b7abbb82895ebd2e>:0).  
50.74,Exception,IndexOutOfRangeException: Index was outside the bounds of the array.,SimpleController.FixedUpdate () (at <a8210e2c524f4006b7abbb82895ebd2e>:0).  
50.76,Exception,IndexOutOfRangeException: Index was outside the bounds of the array.,SimpleController.FixedUpdate () (at <a8210e2c524f4006b7abbb82895ebd2e>:0).  
50.78,Exception,IndexOutOfRangeException: Index was outside the bounds of the array.,SimpleController.FixedUpdate () (at <a8210e2c524f4006b7abbb82895ebd2e>:0).  
50.8,Exception,IndexOutOfRangeException: Index was outside the bounds of the array.,SimpleController.FixedUpdate () (at <a8210e2c524f4006b7abbb82895ebd2e>:0).  
50.82,Exception,IndexOutOfRangeException: Index was outside the bounds of the array.,SimpleController.FixedUpdate () (at <a8210e2c524f4006b7abbb82895ebd2e>:0).  
50.84,Exception,IndexOutOfRangeException: Index was outside the bounds of the array.,SimpleController.FixedUpdate () (at <a8210e2c524f4006b7abbb82895ebd2e>:0).  
50.86,Exception,IndexOutOfRangeException: Index was outside the bounds of the array.,SimpleController.FixedUpdate () (at <a8210e2c524f4006b7abbb82895ebd2e>:0).  
50.88,Exception,IndexOutOfRangeException: Index was outside the bounds of the array.,SimpleController.FixedUpdate () (at <a8210e2c524f4006b7abbb82895ebd2e>:0).  
50.9,Exception,IndexOutOfRangeException: Index was outside the bounds of the array.,SimpleController.FixedUpdate () (at <a8210e2c524f4006b7abbb82895ebd2e>:0).  
50.92,Exception,IndexOutOfRangeException: Index was outside the bounds of the array.,SimpleController.FixedUpdate () (at <a8210e2c524f4006b7abbb82895ebd2e>:0).  
50.94,Exception,IndexOutOfRangeException: Index was outside the bounds of the array.,SimpleController.FixedUpdate () (at <a8210e2c524f4006b7abbb82895ebd2e>:0).  
50.96,Exception,IndexOutOfRangeException: Index was outside the bounds of the array.,SimpleController.FixedUpdate () (at <a8210e2c524f4006b7abbb82895ebd2e>:0).  
50.98,Exception,IndexOutOfRangeException: Index was outside the bounds of the array.,SimpleController.FixedUpdate () (at <a8210e2c524f4006b7abbb82895ebd2e>:0).  
51,Exception,IndexOutOfRangeException: Index was outside the bounds of the array.,SimpleController.FixedUpdate () (at <a8210e2c524f4006b7abbb82895ebd2e>:0).  
51.02,Exception,IndexOutOfRangeException: Index was outside the bounds of the array.,SimpleController.FixedUpdate () (at <a8210e2c524f4006b7abbb82895ebd2e>:0).  
51.04,Exception,IndexOutOfRangeException: Index was outside the bounds of the array.,SimpleController.FixedUpdate () (at <a8210e2c524f4006b7abbb82895ebd2e>:0).  
51.06,Exception,IndexOutOfRangeException: Index was outside the bounds of the array.,SimpleController.FixedUpdate () (at <a8210e2c524f4006b7abbb82895ebd2e>:0).  
51.08,Exception,IndexOutOfRangeException: Index was outside the bounds of the array.,SimpleController.FixedUpdate () (at <a8210e2c524f4006b7abbb82895ebd2e>:0).  
51.1,Exception,IndexOutOfRangeException: Index was outside the bounds of the array.,SimpleController.FixedUpdate () (at <a8210e2c524f4006b7abbb82895ebd2e>:0).  
51.12,Exception,IndexOutOfRangeException: Index was outside the bounds of the array.,SimpleController.FixedUpdate () (at <a8210e2c524f4006b7abbb82895ebd2e>:0).  
51.14,Exception,IndexOutOfRangeException: Index was outside the bounds of the array.,SimpleController.FixedUpdate () (at <a8210e2c524f4006b7abbb82895ebd2e>:0).  
51.16,Exception,IndexOutOfRangeException: Index was outside the bounds of the array.,SimpleController.FixedUpdate () (at <a8210e2c524f4006b7abbb82895ebd2e>:0).  
51.18,Exception,IndexOutOfRangeException: Index was outside the bounds of the array.,SimpleController.FixedUpdate () (at <a8210e2c524f4006b7abbb82895ebd2e>:0).  
51.2,Exception,IndexOutOfRangeException: Index was outside the bounds of the array.,SimpleController.FixedUpdate () (at <a8210e2c524f4006b7abbb82895ebd2e>:0).  
51.22,Exception,IndexOutOfRangeException: Index was outside the bounds of the array.,SimpleController.FixedUpdate () (at <a8210e2c524f4006b7abbb82895ebd2e>:0).  
51.24,Exception,IndexOutOfRangeException: Index was outside the bounds of the array.,SimpleController.FixedUpdate () (at <a8210e2c524f4006b7abbb82895ebd2e>:0).  
51.26,Exception,IndexOutOfRangeException: Index was outside the bounds of the array.,SimpleController.FixedUpdate () (at <a8210e2c524f4006b7abbb82895ebd2e>:0).  
51.28,Exception,IndexOutOfRangeException: Index was outside the bounds of the array.,SimpleController.FixedUpdate () (at <a8210e2c524f4006b7abbb82895ebd2e>:0).  
51.3,Exception,IndexOutOfRangeException: Index was outside the bounds of the array.,SimpleController.FixedUpdate () (at <a8210e2c524f4006b7abbb82895ebd2e>:0).  
51.32,Exception,IndexOutOfRangeException: Index was outside the bounds of the array.,SimpleController.FixedUpdate () (at <a8210e2c524f4006b7abbb82895ebd2e>:0).  
51.34,Exception,IndexOutOfRangeException: Index was outside the bounds of the array.,SimpleController.FixedUpdate () (at <a8210e2c524f4006b7abbb82895ebd2e>:0).  
51.36,Exception,IndexOutOfRangeException: Index was outside the bounds of the array.,SimpleController.FixedUpdate () (at <a8210e2c524f4006b7abbb82895ebd2e>:0).  
51.38,Exception,IndexOutOfRangeException: Index was outside the bounds of the array.,SimpleController.FixedUpdate () (at <a8210e2c524f4006b7abbb82895ebd2e>:0).  
51.4,Exception,IndexOutOfRangeException: Index was outside the bounds of the array.,SimpleController.FixedUpdate () (at <a8210e2c524f4006b7abbb82895ebd2e>:0).  
51.42,Exception,IndexOutOfRangeException: Index was outside the bounds of the array.,SimpleController.FixedUpdate () (at <a8210e2c524f4006b7abbb82895ebd2e>:0).  
51.44,Exception,IndexOutOfRangeException: Index was outside the bounds of the array.,SimpleController.FixedUpdate () (at <a8210e2c524f4006b7abbb82895ebd2e>:0).  
51.46,Exception,IndexOutOfRangeException: Index was outside the bounds of the array.,SimpleController.FixedUpdate () (at <a8210e2c524f4006b7abbb82895ebd2e>:0).  
51.48,Exception,IndexOutOfRangeException: Index was outside the bounds of the array.,SimpleController.FixedUpdate () (at <a8210e2c524f4006b7abbb82895ebd2e>:0).  
51.5,Exception,IndexOutOfRangeException: Index was outside the bounds of the array.,SimpleController.FixedUpdate () (at <a8210e2c524f4006b7abbb82895ebd2e>:0).  
51.52,Exception,IndexOutOfRangeException: Index was outside the bounds of the array.,SimpleController.FixedUpdate () (at <a8210e2c524f4006b7abbb82895ebd2e>:0).  
51.54,Exception,IndexOutOfRangeException: Index was outside the bounds of the array.,SimpleController.FixedUpdate () (at <a8210e2c524f4006b7abbb82895ebd2e>:0).  
51.56,Exception,IndexOutOfRangeException: Index was outside the bounds of the array.,SimpleController.FixedUpdate () (at <a8210e2c524f4006b7abbb82895ebd2e>:0).  
51.58,Exception,IndexOutOfRangeException: Index was outside the bounds of the array.,SimpleController.FixedUpdate () (at <a8210e2c524f4006b7abbb82895ebd2e>:0).  
51.6,Exception,IndexOutOfRangeException: Index was outside the bounds of the array.,SimpleController.FixedUpdate () (at <a8210e2c524f4006b7abbb82895ebd2e>:0).  
51.62,Exception,IndexOutOfRangeException: Index was outside the bounds of the array.,SimpleController.FixedUpdate () (at <a8210e2c524f4006b7abbb82895ebd2e>:0).  
51.64,Exception,IndexOutOfRangeException: Index was outside the bounds of the array.,SimpleController.FixedUpdate () (at <a8210e2c524f4006b7abbb82895ebd2e>:0).  
51.66,Exception,IndexOutOfRangeException: Index was outside the bounds of the array.,SimpleController.FixedUpdate () (at <a8210e2c524f4006b7abbb82895ebd2e>:0).  
51.68,Exception,IndexOutOfRangeException: Index was outside the bounds of the array.,SimpleController.FixedUpdate () (at <a8210e2c524f4006b7abbb82895ebd2e>:0).  
51.7,Exception,IndexOutOfRangeException: Index was outside the bounds of the array.,SimpleController.FixedUpdate () (at <a8210e2c524f4006b7abbb82895ebd2e>:0).  
51.72,Exception,IndexOutOfRangeException: Index was outside the bounds of the array.,SimpleController.FixedUpdate () (at <a8210e2c524f4006b7abbb82895ebd2e>:0).  
51.74,Exception,IndexOutOfRangeException: Index was outside the bounds of the array.,SimpleController.FixedUpdate () (at <a8210e2c524f4006b7abbb82895ebd2e>:0).  
51.76,Exception,IndexOutOfRangeException: Index was outside the bounds of the array.,SimpleController.FixedUpdate () (at <a8210e2c524f4006b7abbb82895ebd2e>:0).  
51.78,Exception,IndexOutOfRangeException: Index was outside the bounds of the array.,SimpleController.FixedUpdate () (at <a8210e2c524f4006b7abbb82895ebd2e>:0).  
51.8,Exception,IndexOutOfRangeException: Index was outside the bounds of the array.,SimpleController.FixedUpdate () (at <a8210e2c524f4006b7abbb82895ebd2e>:0).  
51.82,Exception,IndexOutOfRangeException: Index was outside the bounds of the array.,SimpleController.FixedUpdate () (at <a8210e2c524f4006b7abbb82895ebd2e>:0).  
51.84,Exception,IndexOutOfRangeException: Index was outside the bounds of the array.,SimpleController.FixedUpdate () (at <a8210e2c524f4006b7abbb82895ebd2e>:0).  
51.86,Exception,IndexOutOfRangeException: Index was outside the bounds of the array.,SimpleController.FixedUpdate () (at <a8210e2c524f4006b7abbb82895ebd2e>:0).  
51.88,Exception,IndexOutOfRangeException: Index was outside the bounds of the array.,SimpleController.FixedUpdate () (at <a8210e2c524f4006b7abbb82895ebd2e>:0).  
51.9,Exception,IndexOutOfRangeException: Index was outside the bounds of the array.,SimpleController.FixedUpdate () (at <a8210e2c524f4006b7abbb82895ebd2e>:0).  
51.92,Exception,IndexOutOfRangeException: Index was outside the bounds of the array.,SimpleController.FixedUpdate () (at <a8210e2c524f4006b7abbb82895ebd2e>:0).  
51.94,Exception,IndexOutOfRangeException: Index was outside the bounds of the array.,SimpleController.FixedUpdate () (at <a8210e2c524f4006b7abbb82895ebd2e>:0).  
51.96,Exception,IndexOutOfRangeException: Index was outside the bounds of the array.,SimpleController.FixedUpdate () (at <a8210e2c524f4006b7abbb82895ebd2e>:0).  
51.98,Exception,IndexOutOfRangeException: Index was outside the bounds of the array.,SimpleController.FixedUpdate () (at <a8210e2c524f4006b7abbb82895ebd2e>:0).  
52,Exception,IndexOutOfRangeException: Index was outside the bounds of the array.,SimpleController.FixedUpdate () (at <a8210e2c524f4006b7abbb82895ebd2e>:0).  
52.02,Exception,IndexOutOfRangeException: Index was outside the bounds of the array.,SimpleController.FixedUpdate () (at <a8210e2c524f4006b7abbb82895ebd2e>:0).  
52.04,Exception,IndexOutOfRangeException: Index was outside the bounds of the array.,SimpleController.FixedUpdate () (at <a8210e2c524f4006b7abbb82895ebd2e>:0).  
52.06,Exception,IndexOutOfRangeException: Index was outside the bounds of the array.,SimpleController.FixedUpdate () (at <a8210e2c524f4006b7abbb82895ebd2e>:0).  
52.08,Exception,IndexOutOfRangeException: Index was outside the bounds of the array.,SimpleController.FixedUpdate () (at <a8210e2c524f4006b7abbb82895ebd2e>:0).  
52.1,Exception,IndexOutOfRangeException: Index was outside the bounds of the array.,SimpleController.FixedUpdate () (at <a8210e2c524f4006b7abbb82895ebd2e>:0).  
52.12,Exception,IndexOutOfRangeException: Index was outside the bounds of the array.,SimpleController.FixedUpdate () (at <a8210e2c524f4006b7abbb82895ebd2e>:0).  
52.14,Exception,IndexOutOfRangeException: Index was outside the bounds of the array.,SimpleController.FixedUpdate () (at <a8210e2c524f4006b7abbb82895ebd2e>:0).  
52.16,Exception,IndexOutOfRangeException: Index was outside the bounds of the array.,SimpleController.FixedUpdate () (at <a8210e2c524f4006b7abbb82895ebd2e>:0).  
52.18,Exception,IndexOutOfRangeException: Index was outside the bounds of the array.,SimpleController.FixedUpdate () (at <a8210e2c524f4006b7abbb82895ebd2e>:0).  
52.2,Exception,IndexOutOfRangeException: Index was outside the bounds of the array.,SimpleController.FixedUpdate () (at <a8210e2c524f4006b7abbb82895ebd2e>:0).  
52.22,Exception,IndexOutOfRangeException: Index was outside the bounds of the array.,SimpleController.FixedUpdate () (at <a8210e2c524f4006b7abbb82895ebd2e>:0).  
52.24,Exception,IndexOutOfRangeException: Index was outside the bounds of the array.,SimpleController.FixedUpdate () (at <a8210e2c524f4006b7abbb82895ebd2e>:0).  
52.26,Exception,IndexOutOfRangeException: Index was outside the bounds of the array.,SimpleController.FixedUpdate () (at <a8210e2c524f4006b7abbb82895ebd2e>:0).  
52.28,Exception,IndexOutOfRangeException: Index was outside the bounds of the array.,SimpleController.FixedUpdate () (at <a8210e2c524f4006b7abbb82895ebd2e>:0).  
52.3,Exception,IndexOutOfRangeException: Index was outside the bounds of the array.,SimpleController.FixedUpdate () (at <a8210e2c524f4006b7abbb82895ebd2e>:0).  
52.32,Exception,IndexOutOfRangeException: Index was outside the bounds of the array.,SimpleController.FixedUpdate () (at <a8210e2c524f4006b7abbb82895ebd2e>:0).  
52.34,Exception,IndexOutOfRangeException: Index was outside the bounds of the array.,SimpleController.FixedUpdate () (at <a8210e2c524f4006b7abbb82895ebd2e>:0).  
52.36,Exception,IndexOutOfRangeException: Index was outside the bounds of the array.,SimpleController.FixedUpdate () (at <a8210e2c524f4006b7abbb82895ebd2e>:0).  
52.38,Exception,IndexOutOfRangeException: Index was outside the bounds of the array.,SimpleController.FixedUpdate () (at <a8210e2c524f4006b7abbb82895ebd2e>:0).  
52.4,Exception,IndexOutOfRangeException: Index was outside the bounds of the array.,SimpleController.FixedUpdate () (at <a8210e2c524f4006b7abbb82895ebd2e>:0).  
52.42,Exception,IndexOutOfRangeException: Index was outside the bounds of the array.,SimpleController.FixedUpdate () (at <a8210e2c524f4006b7abbb82895ebd2e>:0).  
52.44,Exception,IndexOutOfRangeException: Index was outside the bounds of the array.,SimpleController.FixedUpdate () (at <a8210e2c524f4006b7abbb82895ebd2e>:0).  
52.46,Exception,IndexOutOfRangeException: Index was outside the bounds of the array.,SimpleController.FixedUpdate () (at <a8210e2c524f4006b7abbb82895ebd2e>:0).  
52.48,Exception,IndexOutOfRangeException: Index was outside the bounds of the array.,SimpleController.FixedUpdate () (at <a8210e2c524f4006b7abbb82895ebd2e>:0).  
52.5,Exception,IndexOutOfRangeException: Index was outside the bounds of the array.,SimpleController.FixedUpdate () (at <a8210e2c524f4006b7abbb82895ebd2e>:0).  
52.52,Exception,IndexOutOfRangeException: Index was outside the bounds of the array.,SimpleController.FixedUpdate () (at <a8210e2c524f4006b7abbb82895ebd2e>:0).  
52.54,Exception,IndexOutOfRangeException: Index was outside the bounds of the array.,SimpleController.FixedUpdate () (at <a8210e2c524f4006b7abbb82895ebd2e>:0).  
52.56,Exception,IndexOutOfRangeException: Index was outside the bounds of the array.,SimpleController.FixedUpdate () (at <a8210e2c524f4006b7abbb82895ebd2e>:0).  
52.58,Exception,IndexOutOfRangeException: Index was outside the bounds of the array.,SimpleController.FixedUpdate () (at <a8210e2c524f4006b7abbb82895ebd2e>:0).  
52.6,Exception,IndexOutOfRangeException: Index was outside the bounds of the array.,SimpleController.FixedUpdate () (at <a8210e2c524f4006b7abbb82895ebd2e>:0).  
52.62,Exception,IndexOutOfRangeException: Index was outside the bounds of the array.,SimpleController.FixedUpdate () (at <a8210e2c524f4006b7abbb82895ebd2e>:0).  
52.64,Exception,IndexOutOfRangeException: Index was outside the bounds of the array.,SimpleController.FixedUpdate () (at <a8210e2c524f4006b7abbb82895ebd2e>:0).  
52.66,Exception,IndexOutOfRangeException: Index was outside the bounds of the array.,SimpleController.FixedUpdate () (at <a8210e2c524f4006b7abbb82895ebd2e>:0).  
52.68,Exception,IndexOutOfRangeException: Index was outside the bounds of the array.,SimpleController.FixedUpdate () (at <a8210e2c524f4006b7abbb82895ebd2e>:0).  
52.7,Exception,IndexOutOfRangeException: Index was outside the bounds of the array.,SimpleController.FixedUpdate () (at <a8210e2c524f4006b7abbb82895ebd2e>:0).  
52.72,Exception,IndexOutOfRangeException: Index was outside the bounds of the array.,SimpleController.FixedUpdate () (at <a8210e2c524f4006b7abbb82895ebd2e>:0).  
52.74,Exception,IndexOutOfRangeException: Index was outside the bounds of the array.,SimpleController.FixedUpdate () (at <a8210e2c524f4006b7abbb82895ebd2e>:0).  
52.76,Exception,IndexOutOfRangeException: Index was outside the bounds of the array.,SimpleController.FixedUpdate () (at <a8210e2c524f4006b7abbb82895ebd2e>:0).  
52.78,Exception,IndexOutOfRangeException: Index was outside the bounds of the array.,SimpleController.FixedUpdate () (at <a8210e2c524f4006b7abbb82895ebd2e>:0).  
52.8,Exception,IndexOutOfRangeException: Index was outside the bounds of the array.,SimpleController.FixedUpdate () (at <a8210e2c524f4006b7abbb82895ebd2e>:0).  
52.82,Exception,IndexOutOfRangeException: Index was outside the bounds of the array.,SimpleController.FixedUpdate () (at <a8210e2c524f4006b7abbb82895ebd2e>:0).  
52.84,Exception,IndexOutOfRangeException: Index was outside the bounds of the array.,SimpleController.FixedUpdate () (at <a8210e2c524f4006b7abbb82895ebd2e>:0).  
52.86,Exception,IndexOutOfRangeException: Index was outside the bounds of the array.,SimpleController.FixedUpdate () (at <a8210e2c524f4006b7abbb82895ebd2e>:0).  
52.88,Exception,IndexOutOfRangeException: Index was outside the bounds of the array.,SimpleController.FixedUpdate () (at <a8210e2c524f4006b7abbb82895ebd2e>:0).  
52.9,Exception,IndexOutOfRangeException: Index was outside the bounds of the array.,SimpleController.FixedUpdate () (at <a8210e2c524f4006b7abbb82895ebd2e>:0).  
52.92,Exception,IndexOutOfRangeException: Index was outside the bounds of the array.,SimpleController.FixedUpdate () (at <a8210e2c524f4006b7abbb82895ebd2e>:0).  
52.94,Exception,IndexOutOfRangeException: Index was outside the bounds of the array.,SimpleController.FixedUpdate () (at <a8210e2c524f4006b7abbb82895ebd2e>:0).  
52.96,Exception,IndexOutOfRangeException: Index was outside the bounds of the array.,SimpleController.FixedUpdate () (at <a8210e2c524f4006b7abbb82895ebd2e>:0).  
52.98,Exception,IndexOutOfRangeException: Index was outside the bounds of the array.,SimpleController.FixedUpdate () (at <a8210e2c524f4006b7abbb82895ebd2e>:0).  
53,Exception,IndexOutOfRangeException: Index was outside the bounds of the array.,SimpleController.FixedUpdate () (at <a8210e2c524f4006b7abbb82895ebd2e>:0).  
53.02,Exception,IndexOutOfRangeException: Index was outside the bounds of the array.,SimpleController.FixedUpdate () (at <a8210e2c524f4006b7abbb82895ebd2e>:0).  
53.04,Exception,IndexOutOfRangeException: Index was outside the bounds of the array.,SimpleController.FixedUpdate () (at <a8210e2c524f4006b7abbb82895ebd2e>:0).  
53.06,Exception,IndexOutOfRangeException: Index was outside the bounds of the array.,SimpleController.FixedUpdate () (at <a8210e2c524f4006b7abbb82895ebd2e>:0).  
53.08,Exception,IndexOutOfRangeException: Index was outside the bounds of the array.,SimpleController.FixedUpdate () (at <a8210e2c524f4006b7abbb82895ebd2e>:0).  
53.1,Exception,IndexOutOfRangeException: Index was outside the bounds of the array.,SimpleController.FixedUpdate () (at <a8210e2c524f4006b7abbb82895ebd2e>:0).  
53.12,Exception,IndexOutOfRangeException: Index was outside the bounds of the array.,SimpleController.FixedUpdate () (at <a8210e2c524f4006b7abbb82895ebd2e>:0).  
53.14,Exception,IndexOutOfRangeException: Index was outside the bounds of the array.,SimpleController.FixedUpdate () (at <a8210e2c524f4006b7abbb82895ebd2e>:0).  
53.16,Exception,IndexOutOfRangeException: Index was outside the bounds of the array.,SimpleController.FixedUpdate () (at <a8210e2c524f4006b7abbb82895ebd2e>:0).  
53.18,Exception,IndexOutOfRangeException: Index was outside the bounds of the array.,SimpleController.FixedUpdate () (at <a8210e2c524f4006b7abbb82895ebd2e>:0).  
53.2,Exception,IndexOutOfRangeException: Index was outside the bounds of the array.,SimpleController.FixedUpdate () (at <a8210e2c524f4006b7abbb82895ebd2e>:0).  
53.22,Exception,IndexOutOfRangeException: Index was outside the bounds of the array.,SimpleController.FixedUpdate () (at <a8210e2c524f4006b7abbb82895ebd2e>:0).  
53.24,Exception,IndexOutOfRangeException: Index was outside the bounds of the array.,SimpleController.FixedUpdate () (at <a8210e2c524f4006b7abbb82895ebd2e>:0).  
53.26,Exception,IndexOutOfRangeException: Index was outside the bounds of the array.,SimpleController.FixedUpdate () (at <a8210e2c524f4006b7abbb82895ebd2e>:0).  
53.28,Exception,IndexOutOfRangeException: Index was outside the bounds of the array.,SimpleController.FixedUpdate () (at <a8210e2c524f4006b7abbb82895ebd2e>:0).  
53.3,Exception,IndexOutOfRangeException: Index was outside the bounds of the array.,SimpleController.FixedUpdate () (at <a8210e2c524f4006b7abbb82895ebd2e>:0).  
53.32,Exception,IndexOutOfRangeException: Index was outside the bounds of the array.,SimpleController.FixedUpdate () (at <a8210e2c524f4006b7abbb82895ebd2e>:0).  
53.34,Exception,IndexOutOfRangeException: Index was outside the bounds of the array.,SimpleController.FixedUpdate () (at <a8210e2c524f4006b7abbb82895ebd2e>:0).  
53.36,Exception,IndexOutOfRangeException: Index was outside the bounds of the array.,SimpleController.FixedUpdate () (at <a8210e2c524f4006b7abbb82895ebd2e>:0).  
53.38,Exception,IndexOutOfRangeException: Index was outside the bounds of the array.,SimpleController.FixedUpdate () (at <a8210e2c524f4006b7abbb82895ebd2e>:0).  
53.4,Exception,IndexOutOfRangeException: Index was outside the bounds of the array.,SimpleController.FixedUpdate () (at <a8210e2c524f4006b7abbb82895ebd2e>:0).  
53.42,Exception,IndexOutOfRangeException: Index was outside the bounds of the array.,SimpleController.FixedUpdate () (at <a8210e2c524f4006b7abbb82895ebd2e>:0).  
53.44,Exception,IndexOutOfRangeException: Index was outside the bounds of the array.,SimpleController.FixedUpdate () (at <a8210e2c524f4006b7abbb82895ebd2e>:0).  
53.46,Exception,IndexOutOfRangeException: Index was outside the bounds of the array.,SimpleController.FixedUpdate () (at <a8210e2c524f4006b7abbb82895ebd2e>:0).  
53.48,Exception,IndexOutOfRangeException: Index was outside the bounds of the array.,SimpleController.FixedUpdate () (at <a8210e2c524f4006b7abbb82895ebd2e>:0).  
53.5,Exception,IndexOutOfRangeException: Index was outside the bounds of the array.,SimpleController.FixedUpdate () (at <a8210e2c524f4006b7abbb82895ebd2e>:0).  
53.52,Exception,IndexOutOfRangeException: Index was outside the bounds of the array.,SimpleController.FixedUpdate () (at <a8210e2c524f4006b7abbb82895ebd2e>:0).  
53.54,Exception,IndexOutOfRangeException: Index was outside the bounds of the array.,SimpleController.FixedUpdate () (at <a8210e2c524f4006b7abbb82895ebd2e>:0).  
53.56,Exception,IndexOutOfRangeException: Index was outside the bounds of the array.,SimpleController.FixedUpdate () (at <a8210e2c524f4006b7abbb82895ebd2e>:0).  
53.58,Exception,IndexOutOfRangeException: Index was outside the bounds of the array.,SimpleController.FixedUpdate () (at <a8210e2c524f4006b7abbb82895ebd2e>:0).  
53.6,Exception,IndexOutOfRangeException: Index was outside the bounds of the array.,SimpleController.FixedUpdate () (at <a8210e2c524f4006b7abbb82895ebd2e>:0).  
53.62,Exception,IndexOutOfRangeException: Index was outside the bounds of the array.,SimpleController.FixedUpdate () (at <a8210e2c524f4006b7abbb82895ebd2e>:0).  
53.64,Exception,IndexOutOfRangeException: Index was outside the bounds of the array.,SimpleController.FixedUpdate () (at <a8210e2c524f4006b7abbb82895ebd2e>:0).  
53.66,Exception,IndexOutOfRangeException: Index was outside the bounds of the array.,SimpleController.FixedUpdate () (at <a8210e2c524f4006b7abbb82895ebd2e>:0).  
53.68,Exception,IndexOutOfRangeException: Index was outside the bounds of the array.,SimpleController.FixedUpdate () (at <a8210e2c524f4006b7abbb82895ebd2e>:0).  
53.7,Exception,IndexOutOfRangeException: Index was outside the bounds of the array.,SimpleController.FixedUpdate () (at <a8210e2c524f4006b7abbb82895ebd2e>:0).  
53.72,Exception,IndexOutOfRangeException: Index was outside the bounds of the array.,SimpleController.FixedUpdate () (at <a8210e2c524f4006b7abbb82895ebd2e>:0).  
53.74,Exception,IndexOutOfRangeException: Index was outside the bounds of the array.,SimpleController.FixedUpdate () (at <a8210e2c524f4006b7abbb82895ebd2e>:0).  
53.76,Exception,IndexOutOfRangeException: Index was outside the bounds of the array.,SimpleController.FixedUpdate () (at <a8210e2c524f4006b7abbb82895ebd2e>:0).  
53.78,Exception,IndexOutOfRangeException: Index was outside the bounds of the array.,SimpleController.FixedUpdate () (at <a8210e2c524f4006b7abbb82895ebd2e>:0).  
53.8,Exception,IndexOutOfRangeException: Index was outside the bounds of the array.,SimpleController.FixedUpdate () (at <a8210e2c524f4006b7abbb82895ebd2e>:0).  
53.82,Exception,IndexOutOfRangeException: Index was outside the bounds of the array.,SimpleController.FixedUpdate () (at <a8210e2c524f4006b7abbb82895ebd2e>:0).  
53.84,Exception,IndexOutOfRangeException: Index was outside the bounds of the array.,SimpleController.FixedUpdate () (at <a8210e2c524f4006b7abbb82895ebd2e>:0).  
53.86,Exception,IndexOutOfRangeException: Index was outside the bounds of the array.,SimpleController.FixedUpdate () (at <a8210e2c524f4006b7abbb82895ebd2e>:0).  
53.88,Exception,IndexOutOfRangeException: Index was outside the bounds of the array.,SimpleController.FixedUpdate () (at <a8210e2c524f4006b7abbb82895ebd2e>:0).  
53.9,Exception,IndexOutOfRangeException: Index was outside the bounds of the array.,SimpleController.FixedUpdate () (at <a8210e2c524f4006b7abbb82895ebd2e>:0).  
53.92,Exception,IndexOutOfRangeException: Index was outside the bounds of the array.,SimpleController.FixedUpdate () (at <a8210e2c524f4006b7abbb82895ebd2e>:0).  
53.94,Exception,IndexOutOfRangeException: Index was outside the bounds of the array.,SimpleController.FixedUpdate () (at <a8210e2c524f4006b7abbb82895ebd2e>:0).  
53.96,Exception,IndexOutOfRangeException: Index was outside the bounds of the array.,SimpleController.FixedUpdate () (at <a8210e2c524f4006b7abbb82895ebd2e>:0).  
53.98,Exception,IndexOutOfRangeException: Index was outside the bounds of the array.,SimpleController.FixedUpdate () (at <a8210e2c524f4006b7abbb82895ebd2e>:0).  
54,Exception,IndexOutOfRangeException: Index was outside the bounds of the array.,SimpleController.FixedUpdate () (at <a8210e2c524f4006b7abbb82895ebd2e>:0).  
54.02,Exception,IndexOutOfRangeException: Index was outside the bounds of the array.,SimpleController.FixedUpdate () (at <a8210e2c524f4006b7abbb82895ebd2e>:0).  
54.04,Exception,IndexOutOfRangeException: Index was outside the bounds of the array.,SimpleController.FixedUpdate () (at <a8210e2c524f4006b7abbb82895ebd2e>:0).  
54.06,Exception,IndexOutOfRangeException: Index was outside the bounds of the array.,SimpleController.FixedUpdate () (at <a8210e2c524f4006b7abbb82895ebd2e>:0).  
54.08,Exception,IndexOutOfRangeException: Index was outside the bounds of the array.,SimpleController.FixedUpdate () (at <a8210e2c524f4006b7abbb82895ebd2e>:0).  
54.1,Exception,IndexOutOfRangeException: Index was outside the bounds of the array.,SimpleController.FixedUpdate () (at <a8210e2c524f4006b7abbb82895ebd2e>:0).  
54.12,Exception,IndexOutOfRangeException: Index was outside the bounds of the array.,SimpleController.FixedUpdate () (at <a8210e2c524f4006b7abbb82895ebd2e>:0).  
54.14,Exception,IndexOutOfRangeException: Index was outside the bounds of the array.,SimpleController.FixedUpdate () (at <a8210e2c524f4006b7abbb82895ebd2e>:0).  
54.16,Exception,IndexOutOfRangeException: Index was outside the bounds of the array.,SimpleController.FixedUpdate () (at <a8210e2c524f4006b7abbb82895ebd2e>:0).  
54.18,Exception,IndexOutOfRangeException: Index was outside the bounds of the array.,SimpleController.FixedUpdate () (at <a8210e2c524f4006b7abbb82895ebd2e>:0).  
54.2,Exception,IndexOutOfRangeException: Index was outside the bounds of the array.,SimpleController.FixedUpdate () (at <a8210e2c524f4006b7abbb82895ebd2e>:0).  
54.22,Exception,IndexOutOfRangeException: Index was outside the bounds of the array.,SimpleController.FixedUpdate () (at <a8210e2c524f4006b7abbb82895ebd2e>:0).  
54.24,Exception,IndexOutOfRangeException: Index was outside the bounds of the array.,SimpleController.FixedUpdate () (at <a8210e2c524f4006b7abbb82895ebd2e>:0).  
54.26,Exception,IndexOutOfRangeException: Index was outside the bounds of the array.,SimpleController.FixedUpdate () (at <a8210e2c524f4006b7abbb82895ebd2e>:0).  
54.28,Exception,IndexOutOfRangeException: Index was outside the bounds of the array.,SimpleController.FixedUpdate () (at <a8210e2c524f4006b7abbb82895ebd2e>:0).  
54.3,Exception,IndexOutOfRangeException: Index was outside the bounds of the array.,SimpleController.FixedUpdate () (at <a8210e2c524f4006b7abbb82895ebd2e>:0).  
54.32,Exception,IndexOutOfRangeException: Index was outside the bounds of the array.,SimpleController.FixedUpdate () (at <a8210e2c524f4006b7abbb82895ebd2e>:0).  
54.34,Exception,IndexOutOfRangeException: Index was outside the bounds of the array.,SimpleController.FixedUpdate () (at <a8210e2c524f4006b7abbb82895ebd2e>:0).  
54.36,Exception,IndexOutOfRangeException: Index was outside the bounds of the array.,SimpleController.FixedUpdate () (at <a8210e2c524f4006b7abbb82895ebd2e>:0).  
54.38,Exception,IndexOutOfRangeException: Index was outside the bounds of the array.,SimpleController.FixedUpdate () (at <a8210e2c524f4006b7abbb82895ebd2e>:0).  
54.4,Exception,IndexOutOfRangeException: Index was outside the bounds of the array.,SimpleController.FixedUpdate () (at <a8210e2c524f4006b7abbb82895ebd2e>:0).  
54.42,Exception,IndexOutOfRangeException: Index was outside the bounds of the array.,SimpleController.FixedUpdate () (at <a8210e2c524f4006b7abbb82895ebd2e>:0).  
54.44,Exception,IndexOutOfRangeException: Index was outside the bounds of the array.,SimpleController.FixedUpdate () (at <a8210e2c524f4006b7abbb82895ebd2e>:0).  
54.46,Exception,IndexOutOfRangeException: Index was outside the bounds of the array.,SimpleController.FixedUpdate () (at <a8210e2c524f4006b7abbb82895ebd2e>:0).  
54.48,Exception,IndexOutOfRangeException: Index was outside the bounds of the array.,SimpleController.FixedUpdate () (at <a8210e2c524f4006b7abbb82895ebd2e>:0).  
54.5,Exception,IndexOutOfRangeException: Index was outside the bounds of the array.,SimpleController.FixedUpdate () (at <a8210e2c524f4006b7abbb82895ebd2e>:0).  
54.52,Exception,IndexOutOfRangeException: Index was outside the bounds of the array.,SimpleController.FixedUpdate () (at <a8210e2c524f4006b7abbb82895ebd2e>:0).  
54.54,Exception,IndexOutOfRangeException: Index was outside the bounds of the array.,SimpleController.FixedUpdate () (at <a8210e2c524f4006b7abbb82895ebd2e>:0).  
54.56,Exception,IndexOutOfRangeException: Index was outside the bounds of the array.,SimpleController.FixedUpdate () (at <a8210e2c524f4006b7abbb82895ebd2e>:0).  
54.58,Exception,IndexOutOfRangeException: Index was outside the bounds of the array.,SimpleController.FixedUpdate () (at <a8210e2c524f4006b7abbb82895ebd2e>:0).  
54.6,Exception,IndexOutOfRangeException: Index was outside the bounds of the array.,SimpleController.FixedUpdate () (at <a8210e2c524f4006b7abbb82895ebd2e>:0).  
54.62,Exception,IndexOutOfRangeException: Index was outside the bounds of the array.,SimpleController.FixedUpdate () (at <a8210e2c524f4006b7abbb82895ebd2e>:0).  
54.64,Exception,IndexOutOfRangeException: Index was outside the bounds of the array.,SimpleController.FixedUpdate () (at <a8210e2c524f4006b7abbb82895ebd2e>:0).  
54.66,Exception,IndexOutOfRangeException: Index was outside the bounds of the array.,SimpleController.FixedUpdate () (at <a8210e2c524f4006b7abbb82895ebd2e>:0).  
54.68,Exception,IndexOutOfRangeException: Index was outside the bounds of the array.,SimpleController.FixedUpdate () (at <a8210e2c524f4006b7abbb82895ebd2e>:0).  
54.7,Exception,IndexOutOfRangeException: Index was outside the bounds of the array.,SimpleController.FixedUpdate () (at <a8210e2c524f4006b7abbb82895ebd2e>:0).  
54.72,Exception,IndexOutOfRangeException: Index was outside the bounds of the array.,SimpleController.FixedUpdate () (at <a8210e2c524f4006b7abbb82895ebd2e>:0).  
54.74,Exception,IndexOutOfRangeException: Index was outside the bounds of the array.,SimpleController.FixedUpdate () (at <a8210e2c524f4006b7abbb82895ebd2e>:0).  
54.76,Exception,IndexOutOfRangeException: Index was outside the bounds of the array.,SimpleController.FixedUpdate () (at <a8210e2c524f4006b7abbb82895ebd2e>:0).  
54.78,Exception,IndexOutOfRangeException: Index was outside the bounds of the array.,SimpleController.FixedUpdate () (at <a8210e2c524f4006b7abbb82895ebd2e>:0).  
54.8,Exception,IndexOutOfRangeException: Index was outside the bounds of the array.,SimpleController.FixedUpdate () (at <a8210e2c524f4006b7abbb82895ebd2e>:0).  
54.82,Exception,IndexOutOfRangeException: Index was outside the bounds of the array.,SimpleController.FixedUpdate () (at <a8210e2c524f4006b7abbb82895ebd2e>:0).  
54.84,Exception,IndexOutOfRangeException: Index was outside the bounds of the array.,SimpleController.FixedUpdate () (at <a8210e2c524f4006b7abbb82895ebd2e>:0).  
54.86,Exception,IndexOutOfRangeException: Index was outside the bounds of the array.,SimpleController.FixedUpdate () (at <a8210e2c524f4006b7abbb82895ebd2e>:0).  
54.88,Exception,IndexOutOfRangeException: Index was outside the bounds of the array.,SimpleController.FixedUpdate () (at <a8210e2c524f4006b7abbb82895ebd2e>:0).  
54.9,Exception,IndexOutOfRangeException: Index was outside the bounds of the array.,SimpleController.FixedUpdate () (at <a8210e2c524f4006b7abbb82895ebd2e>:0).  
54.92,Exception,IndexOutOfRangeException: Index was outside the bounds of the array.,SimpleController.FixedUpdate () (at <a8210e2c524f4006b7abbb82895ebd2e>:0).  
54.94,Exception,IndexOutOfRangeException: Index was outside the bounds of the array.,SimpleController.FixedUpdate () (at <a8210e2c524f4006b7abbb82895ebd2e>:0).  
54.96,Exception,IndexOutOfRangeException: Index was outside the bounds of the array.,SimpleController.FixedUpdate () (at <a8210e2c524f4006b7abbb82895ebd2e>:0).  
54.98,Exception,IndexOutOfRangeException: Index was outside the bounds of the array.,SimpleController.FixedUpdate () (at <a8210e2c524f4006b7abbb82895ebd2e>:0).  
55,Exception,IndexOutOfRangeException: Index was outside the bounds of the array.,SimpleController.FixedUpdate () (at <a8210e2c524f4006b7abbb82895ebd2e>:0).  
55.02,Exception,IndexOutOfRangeException: Index was outside the bounds of the array.,SimpleController.FixedUpdate () (at <a8210e2c524f4006b7abbb82895ebd2e>:0).  
55.04,Exception,IndexOutOfRangeException: Index was outside the bounds of the array.,SimpleController.FixedUpdate () (at <a8210e2c524f4006b7abbb82895ebd2e>:0).  
55.06,Exception,IndexOutOfRangeException: Index was outside the bounds of the array.,SimpleController.FixedUpdate () (at <a8210e2c524f4006b7abbb82895ebd2e>:0).  
55.08,Exception,IndexOutOfRangeException: Index was outside the bounds of the array.,SimpleController.FixedUpdate () (at <a8210e2c524f4006b7abbb82895ebd2e>:0).  
55.1,Exception,IndexOutOfRangeException: Index was outside the bounds of the array.,SimpleController.FixedUpdate () (at <a8210e2c524f4006b7abbb82895ebd2e>:0).  
55.12,Exception,IndexOutOfRangeException: Index was outside the bounds of the array.,SimpleController.FixedUpdate () (at <a8210e2c524f4006b7abbb82895ebd2e>:0).  
55.14,Exception,IndexOutOfRangeException: Index was outside the bounds of the array.,SimpleController.FixedUpdate () (at <a8210e2c524f4006b7abbb82895ebd2e>:0).  
55.16,Exception,IndexOutOfRangeException: Index was outside the bounds of the array.,SimpleController.FixedUpdate () (at <a8210e2c524f4006b7abbb82895ebd2e>:0).  
55.18,Exception,IndexOutOfRangeException: Index was outside the bounds of the array.,SimpleController.FixedUpdate () (at <a8210e2c524f4006b7abbb82895ebd2e>:0).  
55.2,Exception,IndexOutOfRangeException: Index was outside the bounds of the array.,SimpleController.FixedUpdate () (at <a8210e2c524f4006b7abbb82895ebd2e>:0).  
55.22,Exception,IndexOutOfRangeException: Index was outside the bounds of the array.,SimpleController.FixedUpdate () (at <a8210e2c524f4006b7abbb82895ebd2e>:0).  
55.24,Exception,IndexOutOfRangeException: Index was outside the bounds of the array.,SimpleController.FixedUpdate () (at <a8210e2c524f4006b7abbb82895ebd2e>:0).  
55.26,Exception,IndexOutOfRangeException: Index was outside the bounds of the array.,SimpleController.FixedUpdate () (at <a8210e2c524f4006b7abbb82895ebd2e>:0).  
55.28,Exception,IndexOutOfRangeException: Index was outside the bounds of the array.,SimpleController.FixedUpdate () (at <a8210e2c524f4006b7abbb82895ebd2e>:0).  
55.3,Exception,IndexOutOfRangeException: Index was outside the bounds of the array.,SimpleController.FixedUpdate () (at <a8210e2c524f4006b7abbb82895ebd2e>:0).  
55.32,Exception,IndexOutOfRangeException: Index was outside the bounds of the array.,SimpleController.FixedUpdate () (at <a8210e2c524f4006b7abbb82895ebd2e>:0).  
55.34,Exception,IndexOutOfRangeException: Index was outside the bounds of the array.,SimpleController.FixedUpdate () (at <a8210e2c524f4006b7abbb82895ebd2e>:0).  
55.36,Exception,IndexOutOfRangeException: Index was outside the bounds of the array.,SimpleController.FixedUpdate () (at <a8210e2c524f4006b7abbb82895ebd2e>:0).  
55.38,Exception,IndexOutOfRangeException: Index was outside the bounds of the array.,SimpleController.FixedUpdate () (at <a8210e2c524f4006b7abbb82895ebd2e>:0).  
55.4,Exception,IndexOutOfRangeException: Index was outside the bounds of the array.,SimpleController.FixedUpdate () (at <a8210e2c524f4006b7abbb82895ebd2e>:0).  
55.42,Exception,IndexOutOfRangeException: Index was outside the bounds of the array.,SimpleController.FixedUpdate () (at <a8210e2c524f4006b7abbb82895ebd2e>:0).  
55.44,Exception,IndexOutOfRangeException: Index was outside the bounds of the array.,SimpleController.FixedUpdate () (at <a8210e2c524f4006b7abbb82895ebd2e>:0).  
55.46,Exception,IndexOutOfRangeException: Index was outside the bounds of the array.,SimpleController.FixedUpdate () (at <a8210e2c524f4006b7abbb82895ebd2e>:0).  
55.48,Exception,IndexOutOfRangeException: Index was outside the bounds of the array.,SimpleController.FixedUpdate () (at <a8210e2c524f4006b7abbb82895ebd2e>:0).  
55.5,Exception,IndexOutOfRangeException: Index was outside the bounds of the array.,SimpleController.FixedUpdate () (at <a8210e2c524f4006b7abbb82895ebd2e>:0).  
55.52,Exception,IndexOutOfRangeException: Index was outside the bounds of the array.,SimpleController.FixedUpdate () (at <a8210e2c524f4006b7abbb82895ebd2e>:0).  
55.54,Exception,IndexOutOfRangeException: Index was outside the bounds of the array.,SimpleController.FixedUpdate () (at <a8210e2c524f4006b7abbb82895ebd2e>:0).  
55.56,Exception,IndexOutOfRangeException: Index was outside the bounds of the array.,SimpleController.FixedUpdate () (at <a8210e2c524f4006b7abbb82895ebd2e>:0).  
55.58,Exception,IndexOutOfRangeException: Index was outside the bounds of the array.,SimpleController.FixedUpdate () (at <a8210e2c524f4006b7abbb82895ebd2e>:0).  
55.6,Exception,IndexOutOfRangeException: Index was outside the bounds of the array.,SimpleController.FixedUpdate () (at <a8210e2c524f4006b7abbb82895ebd2e>:0).  
55.62,Exception,IndexOutOfRangeException: Index was outside the bounds of the array.,SimpleController.FixedUpdate () (at <a8210e2c524f4006b7abbb82895ebd2e>:0).  
55.64,Exception,IndexOutOfRangeException: Index was outside the bounds of the array.,SimpleController.FixedUpdate () (at <a8210e2c524f4006b7abbb82895ebd2e>:0).  
55.66,Exception,IndexOutOfRangeException: Index was outside the bounds of the array.,SimpleController.FixedUpdate () (at <a8210e2c524f4006b7abbb82895ebd2e>:0).  
55.68,Exception,IndexOutOfRangeException: Index was outside the bounds of the array.,SimpleController.FixedUpdate () (at <a8210e2c524f4006b7abbb82895ebd2e>:0).  
55.7,Exception,IndexOutOfRangeException: Index was outside the bounds of the array.,SimpleController.FixedUpdate () (at <a8210e2c524f4006b7abbb82895ebd2e>:0).  
55.72,Exception,IndexOutOfRangeException: Index was outside the bounds of the array.,SimpleController.FixedUpdate () (at <a8210e2c524f4006b7abbb82895ebd2e>:0).  
55.74,Exception,IndexOutOfRangeException: Index was outside the bounds of the array.,SimpleController.FixedUpdate () (at <a8210e2c524f4006b7abbb82895ebd2e>:0).  
55.76,Exception,IndexOutOfRangeException: Index was outside the bounds of the array.,SimpleController.FixedUpdate () (at <a8210e2c524f4006b7abbb82895ebd2e>:0).  
55.78,Exception,IndexOutOfRangeException: Index was outside the bounds of the array.,SimpleController.FixedUpdate () (at <a8210e2c524f4006b7abbb82895ebd2e>:0).  
55.8,Exception,IndexOutOfRangeException: Index was outside the bounds of the array.,SimpleController.FixedUpdate () (at <a8210e2c524f4006b7abbb82895ebd2e>:0).  
55.82,Exception,IndexOutOfRangeException: Index was outside the bounds of the array.,SimpleController.FixedUpdate () (at <a8210e2c524f4006b7abbb82895ebd2e>:0).  
55.84,Exception,IndexOutOfRangeException: Index was outside the bounds of the array.,SimpleController.FixedUpdate () (at <a8210e2c524f4006b7abbb82895ebd2e>:0).  
55.86,Exception,IndexOutOfRangeException: Index was outside the bounds of the array.,SimpleController.FixedUpdate () (at <a8210e2c524f4006b7abbb82895ebd2e>:0).  
55.88,Exception,IndexOutOfRangeException: Index was outside the bounds of the array.,SimpleController.FixedUpdate () (at <a8210e2c524f4006b7abbb82895ebd2e>:0).  
55.9,Exception,IndexOutOfRangeException: Index was outside the bounds of the array.,SimpleController.FixedUpdate () (at <a8210e2c524f4006b7abbb82895ebd2e>:0).  
55.92,Exception,IndexOutOfRangeException: Index was outside the bounds of the array.,SimpleController.FixedUpdate () (at <a8210e2c524f4006b7abbb82895ebd2e>:0).  
55.94,Exception,IndexOutOfRangeException: Index was outside the bounds of the array.,SimpleController.FixedUpdate () (at <a8210e2c524f4006b7abbb82895ebd2e>:0).  
55.96,Exception,IndexOutOfRangeException: Index was outside the bounds of the array.,SimpleController.FixedUpdate () (at <a8210e2c524f4006b7abbb82895ebd2e>:0).  
55.98,Exception,IndexOutOfRangeException: Index was outside the bounds of the array.,SimpleController.FixedUpdate () (at <a8210e2c524f4006b7abbb82895ebd2e>:0).  
56,Exception,IndexOutOfRangeException: Index was outside the bounds of the array.,SimpleController.FixedUpdate () (at <a8210e2c524f4006b7abbb82895ebd2e>:0).  
56.02,Exception,IndexOutOfRangeException: Index was outside the bounds of the array.,SimpleController.FixedUpdate () (at <a8210e2c524f4006b7abbb82895ebd2e>:0).  
56.04,Exception,IndexOutOfRangeException: Index was outside the bounds of the array.,SimpleController.FixedUpdate () (at <a8210e2c524f4006b7abbb82895ebd2e>:0).  
56.06,Exception,IndexOutOfRangeException: Index was outside the bounds of the array.,SimpleController.FixedUpdate () (at <a8210e2c524f4006b7abbb82895ebd2e>:0).  
56.08,Exception,IndexOutOfRangeException: Index was outside the bounds of the array.,SimpleController.FixedUpdate () (at <a8210e2c524f4006b7abbb82895ebd2e>:0).  
56.1,Exception,IndexOutOfRangeException: Index was outside the bounds of the array.,SimpleController.FixedUpdate () (at <a8210e2c524f4006b7abbb82895ebd2e>:0).  
56.12,Exception,IndexOutOfRangeException: Index was outside the bounds of the array.,SimpleController.FixedUpdate () (at <a8210e2c524f4006b7abbb82895ebd2e>:0).  
56.14,Exception,IndexOutOfRangeException: Index was outside the bounds of the array.,SimpleController.FixedUpdate () (at <a8210e2c524f4006b7abbb82895ebd2e>:0).  
56.16,Exception,IndexOutOfRangeException: Index was outside the bounds of the array.,SimpleController.FixedUpdate () (at <a8210e2c524f4006b7abbb82895ebd2e>:0).  
56.18,Exception,IndexOutOfRangeException: Index was outside the bounds of the array.,SimpleController.FixedUpdate () (at <a8210e2c524f4006b7abbb82895ebd2e>:0).  
56.2,Exception,IndexOutOfRangeException: Index was outside the bounds of the array.,SimpleController.FixedUpdate () (at <a8210e2c524f4006b7abbb82895ebd2e>:0).  
56.22,Exception,IndexOutOfRangeException: Index was outside the bounds of the array.,SimpleController.FixedUpdate () (at <a8210e2c524f4006b7abbb82895ebd2e>:0).  
56.24,Exception,IndexOutOfRangeException: Index was outside the bounds of the array.,SimpleController.FixedUpdate () (at <a8210e2c524f4006b7abbb82895ebd2e>:0).  
56.26,Exception,IndexOutOfRangeException: Index was outside the bounds of the array.,SimpleController.FixedUpdate () (at <a8210e2c524f4006b7abbb82895ebd2e>:0).  
56.28,Exception,IndexOutOfRangeException: Index was outside the bounds of the array.,SimpleController.FixedUpdate () (at <a8210e2c524f4006b7abbb82895ebd2e>:0).  
56.3,Exception,IndexOutOfRangeException: Index was outside the bounds of the array.,SimpleController.FixedUpdate () (at <a8210e2c524f4006b7abbb82895ebd2e>:0).  
56.32,Exception,IndexOutOfRangeException: Index was outside the bounds of the array.,SimpleController.FixedUpdate () (at <a8210e2c524f4006b7abbb82895ebd2e>:0).  
56.34,Exception,IndexOutOfRangeException: Index was outside the bounds of the array.,SimpleController.FixedUpdate () (at <a8210e2c524f4006b7abbb82895ebd2e>:0).  
56.36,Exception,IndexOutOfRangeException: Index was outside the bounds of the array.,SimpleController.FixedUpdate () (at <a8210e2c524f4006b7abbb82895ebd2e>:0).  
56.38,Exception,IndexOutOfRangeException: Index was outside the bounds of the array.,SimpleController.FixedUpdate () (at <a8210e2c524f4006b7abbb82895ebd2e>:0).  
56.4,Exception,IndexOutOfRangeException: Index was outside the bounds of the array.,SimpleController.FixedUpdate () (at <a8210e2c524f4006b7abbb82895ebd2e>:0).  
56.42,Exception,IndexOutOfRangeException: Index was outside the bounds of the array.,SimpleController.FixedUpdate () (at <a8210e2c524f4006b7abbb82895ebd2e>:0).  
56.44,Exception,IndexOutOfRangeException: Index was outside the bounds of the array.,SimpleController.FixedUpdate () (at <a8210e2c524f4006b7abbb82895ebd2e>:0).  
56.46,Exception,IndexOutOfRangeException: Index was outside the bounds of the array.,SimpleController.FixedUpdate () (at <a8210e2c524f4006b7abbb82895ebd2e>:0).  
56.48,Exception,IndexOutOfRangeException: Index was outside the bounds of the array.,SimpleController.FixedUpdate () (at <a8210e2c524f4006b7abbb82895ebd2e>:0).  
56.5,Exception,IndexOutOfRangeException: Index was outside the bounds of the array.,SimpleController.FixedUpdate () (at <a8210e2c524f4006b7abbb82895ebd2e>:0).  
56.52,Exception,IndexOutOfRangeException: Index was outside the bounds of the array.,SimpleController.FixedUpdate () (at <a8210e2c524f4006b7abbb82895ebd2e>:0).  
56.54,Exception,IndexOutOfRangeException: Index was outside the bounds of the array.,SimpleController.FixedUpdate () (at <a8210e2c524f4006b7abbb82895ebd2e>:0).  
56.56,Exception,IndexOutOfRangeException: Index was outside the bounds of the array.,SimpleController.FixedUpdate () (at <a8210e2c524f4006b7abbb82895ebd2e>:0).  
56.58,Exception,IndexOutOfRangeException: Index was outside the bounds of the array.,SimpleController.FixedUpdate () (at <a8210e2c524f4006b7abbb82895ebd2e>:0).  
56.6,Exception,IndexOutOfRangeException: Index was outside the bounds of the array.,SimpleController.FixedUpdate () (at <a8210e2c524f4006b7abbb82895ebd2e>:0).  
56.62,Exception,IndexOutOfRangeException: Index was outside the bounds of the array.,SimpleController.FixedUpdate () (at <a8210e2c524f4006b7abbb82895ebd2e>:0).  
56.64,Exception,IndexOutOfRangeException: Index was outside the bounds of the array.,SimpleController.FixedUpdate () (at <a8210e2c524f4006b7abbb82895ebd2e>:0).  
56.66,Exception,IndexOutOfRangeException: Index was outside the bounds of the array.,SimpleController.FixedUpdate () (at <a8210e2c524f4006b7abbb82895ebd2e>:0).  
56.68,Exception,IndexOutOfRangeException: Index was outside the bounds of the array.,SimpleController.FixedUpdate () (at <a8210e2c524f4006b7abbb82895ebd2e>:0).  
56.7,Exception,IndexOutOfRangeException: Index was outside the bounds of the array.,SimpleController.FixedUpdate () (at <a8210e2c524f4006b7abbb82895ebd2e>:0).  
56.72,Exception,IndexOutOfRangeException: Index was outside the bounds of the array.,SimpleController.FixedUpdate () (at <a8210e2c524f4006b7abbb82895ebd2e>:0).  
56.74,Exception,IndexOutOfRangeException: Index was outside the bounds of the array.,SimpleController.FixedUpdate () (at <a8210e2c524f4006b7abbb82895ebd2e>:0).  
56.76,Exception,IndexOutOfRangeException: Index was outside the bounds of the array.,SimpleController.FixedUpdate () (at <a8210e2c524f4006b7abbb82895ebd2e>:0).  
56.78,Exception,IndexOutOfRangeException: Index was outside the bounds of the array.,SimpleController.FixedUpdate () (at <a8210e2c524f4006b7abbb82895ebd2e>:0).  
56.8,Exception,IndexOutOfRangeException: Index was outside the bounds of the array.,SimpleController.FixedUpdate () (at <a8210e2c524f4006b7abbb82895ebd2e>:0).  
56.82,Exception,IndexOutOfRangeException: Index was outside the bounds of the array.,SimpleController.FixedUpdate () (at <a8210e2c524f4006b7abbb82895ebd2e>:0).  
56.84,Exception,IndexOutOfRangeException: Index was outside the bounds of the array.,SimpleController.FixedUpdate () (at <a8210e2c524f4006b7abbb82895ebd2e>:0).  
56.86,Exception,IndexOutOfRangeException: Index was outside the bounds of the array.,SimpleController.FixedUpdate () (at <a8210e2c524f4006b7abbb82895ebd2e>:0).  
56.88,Exception,IndexOutOfRangeException: Index was outside the bounds of the array.,SimpleController.FixedUpdate () (at <a8210e2c524f4006b7abbb82895ebd2e>:0).  
56.9,Exception,IndexOutOfRangeException: Index was outside the bounds of the array.,SimpleController.FixedUpdate () (at <a8210e2c524f4006b7abbb82895ebd2e>:0).  
56.92,Exception,IndexOutOfRangeException: Index was outside the bounds of the array.,SimpleController.FixedUpdate () (at <a8210e2c524f4006b7abbb82895ebd2e>:0).  
56.94,Exception,IndexOutOfRangeException: Index was outside the bounds of the array.,SimpleController.FixedUpdate () (at <a8210e2c524f4006b7abbb82895ebd2e>:0).  
56.96,Exception,IndexOutOfRangeException: Index was outside the bounds of the array.,SimpleController.FixedUpdate () (at <a8210e2c524f4006b7abbb82895ebd2e>:0).  
56.98,Exception,IndexOutOfRangeException: Index was outside the bounds of the array.,SimpleController.FixedUpdate () (at <a8210e2c524f4006b7abbb82895ebd2e>:0).  
57,Exception,IndexOutOfRangeException: Index was outside the bounds of the array.,SimpleController.FixedUpdate () (at <a8210e2c524f4006b7abbb82895ebd2e>:0).  
57.02,Exception,IndexOutOfRangeException: Index was outside the bounds of the array.,SimpleController.FixedUpdate () (at <a8210e2c524f4006b7abbb82895ebd2e>:0).  
57.04,Exception,IndexOutOfRangeException: Index was outside the bounds of the array.,SimpleController.FixedUpdate () (at <a8210e2c524f4006b7abbb82895ebd2e>:0).  
57.06,Exception,IndexOutOfRangeException: Index was outside the bounds of the array.,SimpleController.FixedUpdate () (at <a8210e2c524f4006b7abbb82895ebd2e>:0).  
57.08,Exception,IndexOutOfRangeException: Index was outside the bounds of the array.,SimpleController.FixedUpdate () (at <a8210e2c524f4006b7abbb82895ebd2e>:0).  
57.1,Exception,IndexOutOfRangeException: Index was outside the bounds of the array.,SimpleController.FixedUpdate () (at <a8210e2c524f4006b7abbb82895ebd2e>:0).  
57.12,Exception,IndexOutOfRangeException: Index was outside the bounds of the array.,SimpleController.FixedUpdate () (at <a8210e2c524f4006b7abbb82895ebd2e>:0).  
57.14,Exception,IndexOutOfRangeException: Index was outside the bounds of the array.,SimpleController.FixedUpdate () (at <a8210e2c524f4006b7abbb82895ebd2e>:0).  
57.16,Exception,IndexOutOfRangeException: Index was outside the bounds of the array.,SimpleController.FixedUpdate () (at <a8210e2c524f4006b7abbb82895ebd2e>:0).  
57.18,Exception,IndexOutOfRangeException: Index was outside the bounds of the array.,SimpleController.FixedUpdate () (at <a8210e2c524f4006b7abbb82895ebd2e>:0).  
57.2,Exception,IndexOutOfRangeException: Index was outside the bounds of the array.,SimpleController.FixedUpdate () (at <a8210e2c524f4006b7abbb82895ebd2e>:0).  
57.22,Exception,IndexOutOfRangeException: Index was outside the bounds of the array.,SimpleController.FixedUpdate () (at <a8210e2c524f4006b7abbb82895ebd2e>:0).  
57.24,Exception,IndexOutOfRangeException: Index was outside the bounds of the array.,SimpleController.FixedUpdate () (at <a8210e2c524f4006b7abbb82895ebd2e>:0).  
57.26,Exception,IndexOutOfRangeException: Index was outside the bounds of the array.,SimpleController.FixedUpdate () (at <a8210e2c524f4006b7abbb82895ebd2e>:0).  
57.28,Exception,IndexOutOfRangeException: Index was outside the bounds of the array.,SimpleController.FixedUpdate () (at <a8210e2c524f4006b7abbb82895ebd2e>:0).  
57.3,Exception,IndexOutOfRangeException: Index was outside the bounds of the array.,SimpleController.FixedUpdate () (at <a8210e2c524f4006b7abbb82895ebd2e>:0).  
57.32,Exception,IndexOutOfRangeException: Index was outside the bounds of the array.,SimpleController.FixedUpdate () (at <a8210e2c524f4006b7abbb82895ebd2e>:0).  
57.34,Exception,IndexOutOfRangeException: Index was outside the bounds of the array.,SimpleController.FixedUpdate () (at <a8210e2c524f4006b7abbb82895ebd2e>:0).  
57.36,Exception,IndexOutOfRangeException: Index was outside the bounds of the array.,SimpleController.FixedUpdate () (at <a8210e2c524f4006b7abbb82895ebd2e>:0).  
57.38,Exception,IndexOutOfRangeException: Index was outside the bounds of the array.,SimpleController.FixedUpdate () (at <a8210e2c524f4006b7abbb82895ebd2e>:0).  
57.4,Exception,IndexOutOfRangeException: Index was outside the bounds of the array.,SimpleController.FixedUpdate () (at <a8210e2c524f4006b7abbb82895ebd2e>:0).  
57.42,Exception,IndexOutOfRangeException: Index was outside the bounds of the array.,SimpleController.FixedUpdate () (at <a8210e2c524f4006b7abbb82895ebd2e>:0).  
57.44,Exception,IndexOutOfRangeException: Index was outside the bounds of the array.,SimpleController.FixedUpdate () (at <a8210e2c524f4006b7abbb82895ebd2e>:0).  
57.46,Exception,IndexOutOfRangeException: Index was outside the bounds of the array.,SimpleController.FixedUpdate () (at <a8210e2c524f4006b7abbb82895ebd2e>:0).  
57.48,Exception,IndexOutOfRangeException: Index was outside the bounds of the array.,SimpleController.FixedUpdate () (at <a8210e2c524f4006b7abbb82895ebd2e>:0).  
57.5,Exception,IndexOutOfRangeException: Index was outside the bounds of the array.,SimpleController.FixedUpdate () (at <a8210e2c524f4006b7abbb82895ebd2e>:0).  
57.52,Exception,IndexOutOfRangeException: Index was outside the bounds of the array.,SimpleController.FixedUpdate () (at <a8210e2c524f4006b7abbb82895ebd2e>:0).  
57.54,Exception,IndexOutOfRangeException: Index was outside the bounds of the array.,SimpleController.FixedUpdate () (at <a8210e2c524f4006b7abbb82895ebd2e>:0).  
57.56,Exception,IndexOutOfRangeException: Index was outside the bounds of the array.,SimpleController.FixedUpdate () (at <a8210e2c524f4006b7abbb82895ebd2e>:0).  
57.58,Exception,IndexOutOfRangeException: Index was outside the bounds of the array.,SimpleController.FixedUpdate () (at <a8210e2c524f4006b7abbb82895ebd2e>:0).  
57.6,Exception,IndexOutOfRangeException: Index was outside the bounds of the array.,SimpleController.FixedUpdate () (at <a8210e2c524f4006b7abbb82895ebd2e>:0).  
57.62,Exception,IndexOutOfRangeException: Index was outside the bounds of the array.,SimpleController.FixedUpdate () (at <a8210e2c524f4006b7abbb82895ebd2e>:0).  
57.64,Exception,IndexOutOfRangeException: Index was outside the bounds of the array.,SimpleController.FixedUpdate () (at <a8210e2c524f4006b7abbb82895ebd2e>:0).  
57.66,Exception,IndexOutOfRangeException: Index was outside the bounds of the array.,SimpleController.FixedUpdate () (at <a8210e2c524f4006b7abbb82895ebd2e>:0).  
57.68,Exception,IndexOutOfRangeException: Index was outside the bounds of the array.,SimpleController.FixedUpdate () (at <a8210e2c524f4006b7abbb82895ebd2e>:0).  
57.7,Exception,IndexOutOfRangeException: Index was outside the bounds of the array.,SimpleController.FixedUpdate () (at <a8210e2c524f4006b7abbb82895ebd2e>:0).  
57.72,Exception,IndexOutOfRangeException: Index was outside the bounds of the array.,SimpleController.FixedUpdate () (at <a8210e2c524f4006b7abbb82895ebd2e>:0).  
57.74,Exception,IndexOutOfRangeException: Index was outside the bounds of the array.,SimpleController.FixedUpdate () (at <a8210e2c524f4006b7abbb82895ebd2e>:0).  
57.76,Exception,IndexOutOfRangeException: Index was outside the bounds of the array.,SimpleController.FixedUpdate () (at <a8210e2c524f4006b7abbb82895ebd2e>:0).  
57.78,Exception,IndexOutOfRangeException: Index was outside the bounds of the array.,SimpleController.FixedUpdate () (at <a8210e2c524f4006b7abbb82895ebd2e>:0).  
57.8,Exception,IndexOutOfRangeException: Index was outside the bounds of the array.,SimpleController.FixedUpdate () (at <a8210e2c524f4006b7abbb82895ebd2e>:0).  
57.82,Exception,IndexOutOfRangeException: Index was outside the bounds of the array.,SimpleController.FixedUpdate () (at <a8210e2c524f4006b7abbb82895ebd2e>:0).  
57.84,Exception,IndexOutOfRangeException: Index was outside the bounds of the array.,SimpleController.FixedUpdate () (at <a8210e2c524f4006b7abbb82895ebd2e>:0).  
57.86,Exception,IndexOutOfRangeException: Index was outside the bounds of the array.,SimpleController.FixedUpdate () (at <a8210e2c524f4006b7abbb82895ebd2e>:0).  
57.88,Exception,IndexOutOfRangeException: Index was outside the bounds of the array.,SimpleController.FixedUpdate () (at <a8210e2c524f4006b7abbb82895ebd2e>:0).  
57.9,Exception,IndexOutOfRangeException: Index was outside the bounds of the array.,SimpleController.FixedUpdate () (at <a8210e2c524f4006b7abbb82895ebd2e>:0).  
57.92,Exception,IndexOutOfRangeException: Index was outside the bounds of the array.,SimpleController.FixedUpdate () (at <a8210e2c524f4006b7abbb82895ebd2e>:0).  
57.94,Exception,IndexOutOfRangeException: Index was outside the bounds of the array.,SimpleController.FixedUpdate () (at <a8210e2c524f4006b7abbb82895ebd2e>:0).  
57.96,Exception,IndexOutOfRangeException: Index was outside the bounds of the array.,SimpleController.FixedUpdate () (at <a8210e2c524f4006b7abbb82895ebd2e>:0).  
57.98,Exception,IndexOutOfRangeException: Index was outside the bounds of the array.,SimpleController.FixedUpdate () (at <a8210e2c524f4006b7abbb82895ebd2e>:0).  
58,Exception,IndexOutOfRangeException: Index was outside the bounds of the array.,SimpleController.FixedUpdate () (at <a8210e2c524f4006b7abbb82895ebd2e>:0).  
58.02,Exception,IndexOutOfRangeException: Index was outside the bounds of the array.,SimpleController.FixedUpdate () (at <a8210e2c524f4006b7abbb82895ebd2e>:0).  
58.04,Exception,IndexOutOfRangeException: Index was outside the bounds of the array.,SimpleController.FixedUpdate () (at <a8210e2c524f4006b7abbb82895ebd2e>:0).  
58.06,Exception,IndexOutOfRangeException: Index was outside the bounds of the array.,SimpleController.FixedUpdate () (at <a8210e2c524f4006b7abbb82895ebd2e>:0).  
58.08,Exception,IndexOutOfRangeException: Index was outside the bounds of the array.,SimpleController.FixedUpdate () (at <a8210e2c524f4006b7abbb82895ebd2e>:0).  
58.1,Exception,IndexOutOfRangeException: Index was outside the bounds of the array.,SimpleController.FixedUpdate () (at <a8210e2c524f4006b7abbb82895ebd2e>:0).  
58.12,Exception,IndexOutOfRangeException: Index was outside the bounds of the array.,SimpleController.FixedUpdate () (at <a8210e2c524f4006b7abbb82895ebd2e>:0).  
58.14,Exception,IndexOutOfRangeException: Index was outside the bounds of the array.,SimpleController.FixedUpdate () (at <a8210e2c524f4006b7abbb82895ebd2e>:0).  
58.16,Exception,IndexOutOfRangeException: Index was outside the bounds of the array.,SimpleController.FixedUpdate () (at <a8210e2c524f4006b7abbb82895ebd2e>:0).  
58.18,Exception,IndexOutOfRangeException: Index was outside the bounds of the array.,SimpleController.FixedUpdate () (at <a8210e2c524f4006b7abbb82895ebd2e>:0).  
58.2,Exception,IndexOutOfRangeException: Index was outside the bounds of the array.,SimpleController.FixedUpdate () (at <a8210e2c524f4006b7abbb82895ebd2e>:0).  
58.22,Exception,IndexOutOfRangeException: Index was outside the bounds of the array.,SimpleController.FixedUpdate () (at <a8210e2c524f4006b7abbb82895ebd2e>:0).  
58.24,Exception,IndexOutOfRangeException: Index was outside the bounds of the array.,SimpleController.FixedUpdate () (at <a8210e2c524f4006b7abbb82895ebd2e>:0).  
58.26,Exception,IndexOutOfRangeException: Index was outside the bounds of the array.,SimpleController.FixedUpdate () (at <a8210e2c524f4006b7abbb82895ebd2e>:0).  
58.28,Exception,IndexOutOfRangeException: Index was outside the bounds of the array.,SimpleController.FixedUpdate () (at <a8210e2c524f4006b7abbb82895ebd2e>:0).  
58.3,Exception,IndexOutOfRangeException: Index was outside the bounds of the array.,SimpleController.FixedUpdate () (at <a8210e2c524f4006b7abbb82895ebd2e>:0).  
58.32,Exception,IndexOutOfRangeException: Index was outside the bounds of the array.,SimpleController.FixedUpdate () (at <a8210e2c524f4006b7abbb82895ebd2e>:0).  
58.34,Exception,IndexOutOfRangeException: Index was outside the bounds of the array.,SimpleController.FixedUpdate () (at <a8210e2c524f4006b7abbb82895ebd2e>:0).  
58.36,Exception,IndexOutOfRangeException: Index was outside the bounds of the array.,SimpleController.FixedUpdate () (at <a8210e2c524f4006b7abbb82895ebd2e>:0).  
58.38,Exception,IndexOutOfRangeException: Index was outside the bounds of the array.,SimpleController.FixedUpdate () (at <a8210e2c524f4006b7abbb82895ebd2e>:0).  
58.4,Exception,IndexOutOfRangeException: Index was outside the bounds of the array.,SimpleController.FixedUpdate () (at <a8210e2c524f4006b7abbb82895ebd2e>:0).  
58.42,Exception,IndexOutOfRangeException: Index was outside the bounds of the array.,SimpleController.FixedUpdate () (at <a8210e2c524f4006b7abbb82895ebd2e>:0).  
58.44,Exception,IndexOutOfRangeException: Index was outside the bounds of the array.,SimpleController.FixedUpdate () (at <a8210e2c524f4006b7abbb82895ebd2e>:0).  
58.46,Exception,IndexOutOfRangeException: Index was outside the bounds of the array.,SimpleController.FixedUpdate () (at <a8210e2c524f4006b7abbb82895ebd2e>:0).  
58.48,Exception,IndexOutOfRangeException: Index was outside the bounds of the array.,SimpleController.FixedUpdate () (at <a8210e2c524f4006b7abbb82895ebd2e>:0).  
58.5,Exception,IndexOutOfRangeException: Index was outside the bounds of the array.,SimpleController.FixedUpdate () (at <a8210e2c524f4006b7abbb82895ebd2e>:0).  
58.52,Exception,IndexOutOfRangeException: Index was outside the bounds of the array.,SimpleController.FixedUpdate () (at <a8210e2c524f4006b7abbb82895ebd2e>:0).  
58.54,Exception,IndexOutOfRangeException: Index was outside the bounds of the array.,SimpleController.FixedUpdate () (at <a8210e2c524f4006b7abbb82895ebd2e>:0).  
58.56,Exception,IndexOutOfRangeException: Index was outside the bounds of the array.,SimpleController.FixedUpdate () (at <a8210e2c524f4006b7abbb82895ebd2e>:0).  
58.58,Exception,IndexOutOfRangeException: Index was outside the bounds of the array.,SimpleController.FixedUpdate () (at <a8210e2c524f4006b7abbb82895ebd2e>:0).  
58.6,Exception,IndexOutOfRangeException: Index was outside the bounds of the array.,SimpleController.FixedUpdate () (at <a8210e2c524f4006b7abbb82895ebd2e>:0).  
58.62,Exception,IndexOutOfRangeException: Index was outside the bounds of the array.,SimpleController.FixedUpdate () (at <a8210e2c524f4006b7abbb82895ebd2e>:0).  
58.64,Exception,IndexOutOfRangeException: Index was outside the bounds of the array.,SimpleController.FixedUpdate () (at <a8210e2c524f4006b7abbb82895ebd2e>:0).  
58.66,Exception,IndexOutOfRangeException: Index was outside the bounds of the array.,SimpleController.FixedUpdate () (at <a8210e2c524f4006b7abbb82895ebd2e>:0).  
58.68,Exception,IndexOutOfRangeException: Index was outside the bounds of the array.,SimpleController.FixedUpdate () (at <a8210e2c524f4006b7abbb82895ebd2e>:0).  
58.7,Exception,IndexOutOfRangeException: Index was outside the bounds of the array.,SimpleController.FixedUpdate () (at <a8210e2c524f4006b7abbb82895ebd2e>:0).  
58.72,Exception,IndexOutOfRangeException: Index was outside the bounds of the array.,SimpleController.FixedUpdate () (at <a8210e2c524f4006b7abbb82895ebd2e>:0).  
58.74,Exception,IndexOutOfRangeException: Index was outside the bounds of the array.,SimpleController.FixedUpdate () (at <a8210e2c524f4006b7abbb82895ebd2e>:0).  
58.76,Exception,IndexOutOfRangeException: Index was outside the bounds of the array.,SimpleController.FixedUpdate () (at <a8210e2c524f4006b7abbb82895ebd2e>:0).  
58.78,Exception,IndexOutOfRangeException: Index was outside the bounds of the array.,SimpleController.FixedUpdate () (at <a8210e2c524f4006b7abbb82895ebd2e>:0).  
58.8,Exception,IndexOutOfRangeException: Index was outside the bounds of the array.,SimpleController.FixedUpdate () (at <a8210e2c524f4006b7abbb82895ebd2e>:0).  
58.82,Exception,IndexOutOfRangeException: Index was outside the bounds of the array.,SimpleController.FixedUpdate () (at <a8210e2c524f4006b7abbb82895ebd2e>:0).  
58.84,Exception,IndexOutOfRangeException: Index was outside the bounds of the array.,SimpleController.FixedUpdate () (at <a8210e2c524f4006b7abbb82895ebd2e>:0).  
58.86,Exception,IndexOutOfRangeException: Index was outside the bounds of the array.,SimpleController.FixedUpdate () (at <a8210e2c524f4006b7abbb82895ebd2e>:0).  
58.88,Exception,IndexOutOfRangeException: Index was outside the bounds of the array.,SimpleController.FixedUpdate () (at <a8210e2c524f4006b7abbb82895ebd2e>:0).  
58.9,Exception,IndexOutOfRangeException: Index was outside the bounds of the array.,SimpleController.FixedUpdate () (at <a8210e2c524f4006b7abbb82895ebd2e>:0).  
58.92,Exception,IndexOutOfRangeException: Index was outside the bounds of the array.,SimpleController.FixedUpdate () (at <a8210e2c524f4006b7abbb82895ebd2e>:0).  
58.94,Exception,IndexOutOfRangeException: Index was outside the bounds of the array.,SimpleController.FixedUpdate () (at <a8210e2c524f4006b7abbb82895ebd2e>:0).  
58.96,Exception,IndexOutOfRangeException: Index was outside the bounds of the array.,SimpleController.FixedUpdate () (at <a8210e2c524f4006b7abbb82895ebd2e>:0).  
58.98,Exception,IndexOutOfRangeException: Index was outside the bounds of the array.,SimpleController.FixedUpdate () (at <a8210e2c524f4006b7abbb82895ebd2e>:0).  
59,Exception,IndexOutOfRangeException: Index was outside the bounds of the array.,SimpleController.FixedUpdate () (at <a8210e2c524f4006b7abbb82895ebd2e>:0).  
59.02,Exception,IndexOutOfRangeException: Index was outside the bounds of the array.,SimpleController.FixedUpdate () (at <a8210e2c524f4006b7abbb82895ebd2e>:0).  
59.04,Exception,IndexOutOfRangeException: Index was outside the bounds of the array.,SimpleController.FixedUpdate () (at <a8210e2c524f4006b7abbb82895ebd2e>:0).  
59.06,Exception,IndexOutOfRangeException: Index was outside the bounds of the array.,SimpleController.FixedUpdate () (at <a8210e2c524f4006b7abbb82895ebd2e>:0).  
59.08,Exception,IndexOutOfRangeException: Index was outside the bounds of the array.,SimpleController.FixedUpdate () (at <a8210e2c524f4006b7abbb82895ebd2e>:0).  
59.1,Exception,IndexOutOfRangeException: Index was outside the bounds of the array.,SimpleController.FixedUpdate () (at <a8210e2c524f4006b7abbb82895ebd2e>:0).  
59.12,Exception,IndexOutOfRangeException: Index was outside the bounds of the array.,SimpleController.FixedUpdate () (at <a8210e2c524f4006b7abbb82895ebd2e>:0).  
59.14,Exception,IndexOutOfRangeException: Index was outside the bounds of the array.,SimpleController.FixedUpdate () (at <a8210e2c524f4006b7abbb82895ebd2e>:0).  
59.16,Exception,IndexOutOfRangeException: Index was outside the bounds of the array.,SimpleController.FixedUpdate () (at <a8210e2c524f4006b7abbb82895ebd2e>:0).  
59.18,Exception,IndexOutOfRangeException: Index was outside the bounds of the array.,SimpleController.FixedUpdate () (at <a8210e2c524f4006b7abbb82895ebd2e>:0).  
59.2,Exception,IndexOutOfRangeException: Index was outside the bounds of the array.,SimpleController.FixedUpdate () (at <a8210e2c524f4006b7abbb82895ebd2e>:0).  
59.22,Exception,IndexOutOfRangeException: Index was outside the bounds of the array.,SimpleController.FixedUpdate () (at <a8210e2c524f4006b7abbb82895ebd2e>:0).  
59.24,Exception,IndexOutOfRangeException: Index was outside the bounds of the array.,SimpleController.FixedUpdate () (at <a8210e2c524f4006b7abbb82895ebd2e>:0).  
59.26,Exception,IndexOutOfRangeException: Index was outside the bounds of the array.,SimpleController.FixedUpdate () (at <a8210e2c524f4006b7abbb82895ebd2e>:0).  
59.28,Exception,IndexOutOfRangeException: Index was outside the bounds of the array.,SimpleController.FixedUpdate () (at <a8210e2c524f4006b7abbb82895ebd2e>:0).  
59.3,Exception,IndexOutOfRangeException: Index was outside the bounds of the array.,SimpleController.FixedUpdate () (at <a8210e2c524f4006b7abbb82895ebd2e>:0).  
59.32,Exception,IndexOutOfRangeException: Index was outside the bounds of the array.,SimpleController.FixedUpdate () (at <a8210e2c524f4006b7abbb82895ebd2e>:0).  
59.34,Exception,IndexOutOfRangeException: Index was outside the bounds of the array.,SimpleController.FixedUpdate () (at <a8210e2c524f4006b7abbb82895ebd2e>:0).  
59.36,Exception,IndexOutOfRangeException: Index was outside the bounds of the array.,SimpleController.FixedUpdate () (at <a8210e2c524f4006b7abbb82895ebd2e>:0).  
59.38,Exception,IndexOutOfRangeException: Index was outside the bounds of the array.,SimpleController.FixedUpdate () (at <a8210e2c524f4006b7abbb82895ebd2e>:0).  
59.4,Exception,IndexOutOfRangeException: Index was outside the bounds of the array.,SimpleController.FixedUpdate () (at <a8210e2c524f4006b7abbb82895ebd2e>:0).  
59.42,Exception,IndexOutOfRangeException: Index was outside the bounds of the array.,SimpleController.FixedUpdate () (at <a8210e2c524f4006b7abbb82895ebd2e>:0).  
59.44,Exception,IndexOutOfRangeException: Index was outside the bounds of the array.,SimpleController.FixedUpdate () (at <a8210e2c524f4006b7abbb82895ebd2e>:0).  
59.46,Exception,IndexOutOfRangeException: Index was outside the bounds of the array.,SimpleController.FixedUpdate () (at <a8210e2c524f4006b7abbb82895ebd2e>:0).  
59.48,Exception,IndexOutOfRangeException: Index was outside the bounds of the array.,SimpleController.FixedUpdate () (at <a8210e2c524f4006b7abbb82895ebd2e>:0).  
59.5,Exception,IndexOutOfRangeException: Index was outside the bounds of the array.,SimpleController.FixedUpdate () (at <a8210e2c524f4006b7abbb82895ebd2e>:0).  
59.52,Exception,IndexOutOfRangeException: Index was outside the bounds of the array.,SimpleController.FixedUpdate () (at <a8210e2c524f4006b7abbb82895ebd2e>:0).  
59.54,Exception,IndexOutOfRangeException: Index was outside the bounds of the array.,SimpleController.FixedUpdate () (at <a8210e2c524f4006b7abbb82895ebd2e>:0).  
59.56,Exception,IndexOutOfRangeException: Index was outside the bounds of the array.,SimpleController.FixedUpdate () (at <a8210e2c524f4006b7abbb82895ebd2e>:0).  
59.58,Exception,IndexOutOfRangeException: Index was outside the bounds of the array.,SimpleController.FixedUpdate () (at <a8210e2c524f4006b7abbb82895ebd2e>:0).  
59.6,Exception,IndexOutOfRangeException: Index was outside the bounds of the array.,SimpleController.FixedUpdate () (at <a8210e2c524f4006b7abbb82895ebd2e>:0).  
59.62,Exception,IndexOutOfRangeException: Index was outside the bounds of the array.,SimpleController.FixedUpdate () (at <a8210e2c524f4006b7abbb82895ebd2e>:0).  
59.64,Exception,IndexOutOfRangeException: Index was outside the bounds of the array.,SimpleController.FixedUpdate () (at <a8210e2c524f4006b7abbb82895ebd2e>:0).  
59.66,Exception,IndexOutOfRangeException: Index was outside the bounds of the array.,SimpleController.FixedUpdate () (at <a8210e2c524f4006b7abbb82895ebd2e>:0).  
59.68,Exception,IndexOutOfRangeException: Index was outside the bounds of the array.,SimpleController.FixedUpdate () (at <a8210e2c524f4006b7abbb82895ebd2e>:0).  
59.7,Exception,IndexOutOfRangeException: Index was outside the bounds of the array.,SimpleController.FixedUpdate () (at <a8210e2c524f4006b7abbb82895ebd2e>:0).  
59.72,Exception,IndexOutOfRangeException: Index was outside the bounds of the array.,SimpleController.FixedUpdate () (at <a8210e2c524f4006b7abbb82895ebd2e>:0).  
59.74,Exception,IndexOutOfRangeException: Index was outside the bounds of the array.,SimpleController.FixedUpdate () (at <a8210e2c524f4006b7abbb82895ebd2e>:0).  
59.76,Exception,IndexOutOfRangeException: Index was outside the bounds of the array.,SimpleController.FixedUpdate () (at <a8210e2c524f4006b7abbb82895ebd2e>:0).  
59.78,Exception,IndexOutOfRangeException: Index was outside the bounds of the array.,SimpleController.FixedUpdate () (at <a8210e2c524f4006b7abbb82895ebd2e>:0).  
59.8,Exception,IndexOutOfRangeException: Index was outside the bounds of the array.,SimpleController.FixedUpdate () (at <a8210e2c524f4006b7abbb82895ebd2e>:0).  
59.82,Exception,IndexOutOfRangeException: Index was outside the bounds of the array.,SimpleController.FixedUpdate () (at <a8210e2c524f4006b7abbb82895ebd2e>:0).  
59.84,Exception,IndexOutOfRangeException: Index was outside the bounds of the array.,SimpleController.FixedUpdate () (at <a8210e2c524f4006b7abbb82895ebd2e>:0).  
59.86,Exception,IndexOutOfRangeException: Index was outside the bounds of the array.,SimpleController.FixedUpdate () (at <a8210e2c524f4006b7abbb82895ebd2e>:0).  
59.88,Exception,IndexOutOfRangeException: Index was outside the bounds of the array.,SimpleController.FixedUpdate () (at <a8210e2c524f4006b7abbb82895ebd2e>:0).  
59.9,Exception,IndexOutOfRangeException: Index was outside the bounds of the array.,SimpleController.FixedUpdate () (at <a8210e2c524f4006b7abbb82895ebd2e>:0).  
59.92,Exception,IndexOutOfRangeException: Index was outside the bounds of the array.,SimpleController.FixedUpdate () (at <a8210e2c524f4006b7abbb82895ebd2e>:0).  
59.94,Exception,IndexOutOfRangeException: Index was outside the bounds of the array.,SimpleController.FixedUpdate () (at <a8210e2c524f4006b7abbb82895ebd2e>:0).  
59.96,Exception,IndexOutOfRangeException: Index was outside the bounds of the array.,SimpleController.FixedUpdate () (at <a8210e2c524f4006b7abbb82895ebd2e>:0).  
59.98,Exception,IndexOutOfRangeException: Index was outside the bounds of the array.,SimpleController.FixedUpdate () (at <a8210e2c524f4006b7abbb82895ebd2e>:0).  
60,Exception,IndexOutOfRangeException: Index was outside the bounds of the array.,SimpleController.FixedUpdate () (at <a8210e2c524f4006b7abbb82895ebd2e>:0).  
60.02,Exception,IndexOutOfRangeException: Index was outside the bounds of the array.,SimpleController.FixedUpdate () (at <a8210e2c524f4006b7abbb82895ebd2e>:0).  
60.04,Exception,IndexOutOfRangeException: Index was outside the bounds of the array.,SimpleController.FixedUpdate () (at <a8210e2c524f4006b7abbb82895ebd2e>:0).  
60.06,Exception,IndexOutOfRangeException: Index was outside the bounds of the array.,SimpleController.FixedUpdate () (at <a8210e2c524f4006b7abbb82895ebd2e>:0).  
60.08,Exception,IndexOutOfRangeException: Index was outside the bounds of the array.,SimpleController.FixedUpdate () (at <a8210e2c524f4006b7abbb82895ebd2e>:0).  
60.1,Exception,IndexOutOfRangeException: Index was outside the bounds of the array.,SimpleController.FixedUpdate () (at <a8210e2c524f4006b7abbb82895ebd2e>:0).  
60.12,Exception,IndexOutOfRangeException: Index was outside the bounds of the array.,SimpleController.FixedUpdate () (at <a8210e2c524f4006b7abbb82895ebd2e>:0).  
60.14,Exception,IndexOutOfRangeException: Index was outside the bounds of the array.,SimpleController.FixedUpdate () (at <a8210e2c524f4006b7abbb82895ebd2e>:0).  
60.16,Exception,IndexOutOfRangeException: Index was outside the bounds of the array.,SimpleController.FixedUpdate () (at <a8210e2c524f4006b7abbb82895ebd2e>:0).  
60.18,Exception,IndexOutOfRangeException: Index was outside the bounds of the array.,SimpleController.FixedUpdate () (at <a8210e2c524f4006b7abbb82895ebd2e>:0).  
60.2,Exception,IndexOutOfRangeException: Index was outside the bounds of the array.,SimpleController.FixedUpdate () (at <a8210e2c524f4006b7abbb82895ebd2e>:0).  
60.22,Exception,IndexOutOfRangeException: Index was outside the bounds of the array.,SimpleController.FixedUpdate () (at <a8210e2c524f4006b7abbb82895ebd2e>:0).  
60.24,Exception,IndexOutOfRangeException: Index was outside the bounds of the array.,SimpleController.FixedUpdate () (at <a8210e2c524f4006b7abbb82895ebd2e>:0).  
60.26,Exception,IndexOutOfRangeException: Index was outside the bounds of the array.,SimpleController.FixedUpdate () (at <a8210e2c524f4006b7abbb82895ebd2e>:0).  
60.28,Exception,IndexOutOfRangeException: Index was outside the bounds of the array.,SimpleController.FixedUpdate () (at <a8210e2c524f4006b7abbb82895ebd2e>:0).  
60.3,Exception,IndexOutOfRangeException: Index was outside the bounds of the array.,SimpleController.FixedUpdate () (at <a8210e2c524f4006b7abbb82895ebd2e>:0).  
60.32,Exception,IndexOutOfRangeException: Index was outside the bounds of the array.,SimpleController.FixedUpdate () (at <a8210e2c524f4006b7abbb82895ebd2e>:0).  
60.34,Exception,IndexOutOfRangeException: Index was outside the bounds of the array.,SimpleController.FixedUpdate () (at <a8210e2c524f4006b7abbb82895ebd2e>:0).  
60.36,Exception,IndexOutOfRangeException: Index was outside the bounds of the array.,SimpleController.FixedUpdate () (at <a8210e2c524f4006b7abbb82895ebd2e>:0).  
60.38,Exception,IndexOutOfRangeException: Index was outside the bounds of the array.,SimpleController.FixedUpdate () (at <a8210e2c524f4006b7abbb82895ebd2e>:0).  
60.4,Exception,IndexOutOfRangeException: Index was outside the bounds of the array.,SimpleController.FixedUpdate () (at <a8210e2c524f4006b7abbb82895ebd2e>:0).  
60.42,Exception,IndexOutOfRangeException: Index was outside the bounds of the array.,SimpleController.FixedUpdate () (at <a8210e2c524f4006b7abbb82895ebd2e>:0).  
60.44,Exception,IndexOutOfRangeException: Index was outside the bounds of the array.,SimpleController.FixedUpdate () (at <a8210e2c524f4006b7abbb82895ebd2e>:0).  
60.46,Exception,IndexOutOfRangeException: Index was outside the bounds of the array.,SimpleController.FixedUpdate () (at <a8210e2c524f4006b7abbb82895ebd2e>:0).  
60.48,Exception,IndexOutOfRangeException: Index was outside the bounds of the array.,SimpleController.FixedUpdate () (at <a8210e2c524f4006b7abbb82895ebd2e>:0).  
60.5,Exception,IndexOutOfRangeException: Index was outside the bounds of the array.,SimpleController.FixedUpdate () (at <a8210e2c524f4006b7abbb82895ebd2e>:0).  
60.52,Exception,IndexOutOfRangeException: Index was outside the bounds of the array.,SimpleController.FixedUpdate () (at <a8210e2c524f4006b7abbb82895ebd2e>:0).  
60.54,Exception,IndexOutOfRangeException: Index was outside the bounds of the array.,SimpleController.FixedUpdate () (at <a8210e2c524f4006b7abbb82895ebd2e>:0).  
60.56,Exception,IndexOutOfRangeException: Index was outside the bounds of the array.,SimpleController.FixedUpdate () (at <a8210e2c524f4006b7abbb82895ebd2e>:0).  
60.58,Exception,IndexOutOfRangeException: Index was outside the bounds of the array.,SimpleController.FixedUpdate () (at <a8210e2c524f4006b7abbb82895ebd2e>:0).  
60.6,Exception,IndexOutOfRangeException: Index was outside the bounds of the array.,SimpleController.FixedUpdate () (at <a8210e2c524f4006b7abbb82895ebd2e>:0).  
60.62,Exception,IndexOutOfRangeException: Index was outside the bounds of the array.,SimpleController.FixedUpdate () (at <a8210e2c524f4006b7abbb82895ebd2e>:0).  
60.64,Exception,IndexOutOfRangeException: Index was outside the bounds of the array.,SimpleController.FixedUpdate () (at <a8210e2c524f4006b7abbb82895ebd2e>:0).  
60.66,Exception,IndexOutOfRangeException: Index was outside the bounds of the array.,SimpleController.FixedUpdate () (at <a8210e2c524f4006b7abbb82895ebd2e>:0).  
60.68,Exception,IndexOutOfRangeException: Index was outside the bounds of the array.,SimpleController.FixedUpdate () (at <a8210e2c524f4006b7abbb82895ebd2e>:0).  
60.7,Exception,IndexOutOfRangeException: Index was outside the bounds of the array.,SimpleController.FixedUpdate () (at <a8210e2c524f4006b7abbb82895ebd2e>:0).  
60.72,Exception,IndexOutOfRangeException: Index was outside the bounds of the array.,SimpleController.FixedUpdate () (at <a8210e2c524f4006b7abbb82895ebd2e>:0).  
60.74,Exception,IndexOutOfRangeException: Index was outside the bounds of the array.,SimpleController.FixedUpdate () (at <a8210e2c524f4006b7abbb82895ebd2e>:0).  
60.76,Exception,IndexOutOfRangeException: Index was outside the bounds of the array.,SimpleController.FixedUpdate () (at <a8210e2c524f4006b7abbb82895ebd2e>:0).  
60.78,Exception,IndexOutOfRangeException: Index was outside the bounds of the array.,SimpleController.FixedUpdate () (at <a8210e2c524f4006b7abbb82895ebd2e>:0).  
60.8,Exception,IndexOutOfRangeException: Index was outside the bounds of the array.,SimpleController.FixedUpdate () (at <a8210e2c524f4006b7abbb82895ebd2e>:0).  
60.82,Exception,IndexOutOfRangeException: Index was outside the bounds of the array.,SimpleController.FixedUpdate () (at <a8210e2c524f4006b7abbb82895ebd2e>:0).  
60.84,Exception,IndexOutOfRangeException: Index was outside the bounds of the array.,SimpleController.FixedUpdate () (at <a8210e2c524f4006b7abbb82895ebd2e>:0).  
60.86,Exception,IndexOutOfRangeException: Index was outside the bounds of the array.,SimpleController.FixedUpdate () (at <a8210e2c524f4006b7abbb82895ebd2e>:0).  
60.88,Exception,IndexOutOfRangeException: Index was outside the bounds of the array.,SimpleController.FixedUpdate () (at <a8210e2c524f4006b7abbb82895ebd2e>:0).  
60.9,Exception,IndexOutOfRangeException: Index was outside the bounds of the array.,SimpleController.FixedUpdate () (at <a8210e2c524f4006b7abbb82895ebd2e>:0).  
60.92,Exception,IndexOutOfRangeException: Index was outside the bounds of the array.,SimpleController.FixedUpdate () (at <a8210e2c524f4006b7abbb82895ebd2e>:0).  
60.94,Exception,IndexOutOfRangeException: Index was outside the bounds of the array.,SimpleController.FixedUpdate () (at <a8210e2c524f4006b7abbb82895ebd2e>:0).  
60.96,Exception,IndexOutOfRangeException: Index was outside the bounds of the array.,SimpleController.FixedUpdate () (at <a8210e2c524f4006b7abbb82895ebd2e>:0).  
60.98,Exception,IndexOutOfRangeException: Index was outside the bounds of the array.,SimpleController.FixedUpdate () (at <a8210e2c524f4006b7abbb82895ebd2e>:0).  
61,Exception,IndexOutOfRangeException: Index was outside the bounds of the array.,SimpleController.FixedUpdate () (at <a8210e2c524f4006b7abbb82895ebd2e>:0).  
61.02,Exception,IndexOutOfRangeException: Index was outside the bounds of the array.,SimpleController.FixedUpdate () (at <a8210e2c524f4006b7abbb82895ebd2e>:0).  
61.04,Exception,IndexOutOfRangeException: Index was outside the bounds of the array.,SimpleController.FixedUpdate () (at <a8210e2c524f4006b7abbb82895ebd2e>:0).  
61.06,Exception,IndexOutOfRangeException: Index was outside the bounds of the array.,SimpleController.FixedUpdate () (at <a8210e2c524f4006b7abbb82895ebd2e>:0).  
61.08,Exception,IndexOutOfRangeException: Index was outside the bounds of the array.,SimpleController.FixedUpdate () (at <a8210e2c524f4006b7abbb82895ebd2e>:0).  
61.1,Exception,IndexOutOfRangeException: Index was outside the bounds of the array.,SimpleController.FixedUpdate () (at <a8210e2c524f4006b7abbb82895ebd2e>:0).  
61.12,Exception,IndexOutOfRangeException: Index was outside the bounds of the array.,SimpleController.FixedUpdate () (at <a8210e2c524f4006b7abbb82895ebd2e>:0).  
61.14,Exception,IndexOutOfRangeException: Index was outside the bounds of the array.,SimpleController.FixedUpdate () (at <a8210e2c524f4006b7abbb82895ebd2e>:0).  
61.16,Exception,IndexOutOfRangeException: Index was outside the bounds of the array.,SimpleController.FixedUpdate () (at <a8210e2c524f4006b7abbb82895ebd2e>:0).  
61.18,Exception,IndexOutOfRangeException: Index was outside the bounds of the array.,SimpleController.FixedUpdate () (at <a8210e2c524f4006b7abbb82895ebd2e>:0).  
61.2,Exception,IndexOutOfRangeException: Index was outside the bounds of the array.,SimpleController.FixedUpdate () (at <a8210e2c524f4006b7abbb82895ebd2e>:0).  
61.22,Exception,IndexOutOfRangeException: Index was outside the bounds of the array.,SimpleController.FixedUpdate () (at <a8210e2c524f4006b7abbb82895ebd2e>:0).  
61.24,Exception,IndexOutOfRangeException: Index was outside the bounds of the array.,SimpleController.FixedUpdate () (at <a8210e2c524f4006b7abbb82895ebd2e>:0).  
61.26,Exception,IndexOutOfRangeException: Index was outside the bounds of the array.,SimpleController.FixedUpdate () (at <a8210e2c524f4006b7abbb82895ebd2e>:0).  
61.28,Exception,IndexOutOfRangeException: Index was outside the bounds of the array.,SimpleController.FixedUpdate () (at <a8210e2c524f4006b7abbb82895ebd2e>:0).  
61.3,Exception,IndexOutOfRangeException: Index was outside the bounds of the array.,SimpleController.FixedUpdate () (at <a8210e2c524f4006b7abbb82895ebd2e>:0).  
61.32,Exception,IndexOutOfRangeException: Index was outside the bounds of the array.,SimpleController.FixedUpdate () (at <a8210e2c524f4006b7abbb82895ebd2e>:0).  
61.34,Exception,IndexOutOfRangeException: Index was outside the bounds of the array.,SimpleController.FixedUpdate () (at <a8210e2c524f4006b7abbb82895ebd2e>:0).  
61.36,Exception,IndexOutOfRangeException: Index was outside the bounds of the array.,SimpleController.FixedUpdate () (at <a8210e2c524f4006b7abbb82895ebd2e>:0).  
61.38,Exception,IndexOutOfRangeException: Index was outside the bounds of the array.,SimpleController.FixedUpdate () (at <a8210e2c524f4006b7abbb82895ebd2e>:0).  
61.4,Exception,IndexOutOfRangeException: Index was outside the bounds of the array.,SimpleController.FixedUpdate () (at <a8210e2c524f4006b7abbb82895ebd2e>:0).  
61.42,Exception,IndexOutOfRangeException: Index was outside the bounds of the array.,SimpleController.FixedUpdate () (at <a8210e2c524f4006b7abbb82895ebd2e>:0).  
61.44,Exception,IndexOutOfRangeException: Index was outside the bounds of the array.,SimpleController.FixedUpdate () (at <a8210e2c524f4006b7abbb82895ebd2e>:0).  
61.46,Exception,IndexOutOfRangeException: Index was outside the bounds of the array.,SimpleController.FixedUpdate () (at <a8210e2c524f4006b7abbb82895ebd2e>:0).  
61.48,Exception,IndexOutOfRangeException: Index was outside the bounds of the array.,SimpleController.FixedUpdate () (at <a8210e2c524f4006b7abbb82895ebd2e>:0).  
61.5,Exception,IndexOutOfRangeException: Index was outside the bounds of the array.,SimpleController.FixedUpdate () (at <a8210e2c524f4006b7abbb82895ebd2e>:0).  
61.52,Exception,IndexOutOfRangeException: Index was outside the bounds of the array.,SimpleController.FixedUpdate () (at <a8210e2c524f4006b7abbb82895ebd2e>:0).  
61.54,Exception,IndexOutOfRangeException: Index was outside the bounds of the array.,SimpleController.FixedUpdate () (at <a8210e2c524f4006b7abbb82895ebd2e>:0).  
61.56,Exception,IndexOutOfRangeException: Index was outside the bounds of the array.,SimpleController.FixedUpdate () (at <a8210e2c524f4006b7abbb82895ebd2e>:0).  
61.58,Exception,IndexOutOfRangeException: Index was outside the bounds of the array.,SimpleController.FixedUpdate () (at <a8210e2c524f4006b7abbb82895ebd2e>:0).  
61.6,Exception,IndexOutOfRangeException: Index was outside the bounds of the array.,SimpleController.FixedUpdate () (at <a8210e2c524f4006b7abbb82895ebd2e>:0).  
61.62,Exception,IndexOutOfRangeException: Index was outside the bounds of the array.,SimpleController.FixedUpdate () (at <a8210e2c524f4006b7abbb82895ebd2e>:0).  
61.64,Exception,IndexOutOfRangeException: Index was outside the bounds of the array.,SimpleController.FixedUpdate () (at <a8210e2c524f4006b7abbb82895ebd2e>:0).  
61.66,Exception,IndexOutOfRangeException: Index was outside the bounds of the array.,SimpleController.FixedUpdate () (at <a8210e2c524f4006b7abbb82895ebd2e>:0).  
61.68,Exception,IndexOutOfRangeException: Index was outside the bounds of the array.,SimpleController.FixedUpdate () (at <a8210e2c524f4006b7abbb82895ebd2e>:0).  
61.7,Exception,IndexOutOfRangeException: Index was outside the bounds of the array.,SimpleController.FixedUpdate () (at <a8210e2c524f4006b7abbb82895ebd2e>:0).  
61.72,Exception,IndexOutOfRangeException: Index was outside the bounds of the array.,SimpleController.FixedUpdate () (at <a8210e2c524f4006b7abbb82895ebd2e>:0).  
61.74,Exception,IndexOutOfRangeException: Index was outside the bounds of the array.,SimpleController.FixedUpdate () (at <a8210e2c524f4006b7abbb82895ebd2e>:0).  
61.76,Exception,IndexOutOfRangeException: Index was outside the bounds of the array.,SimpleController.FixedUpdate () (at <a8210e2c524f4006b7abbb82895ebd2e>:0).  
61.78,Exception,IndexOutOfRangeException: Index was outside the bounds of the array.,SimpleController.FixedUpdate () (at <a8210e2c524f4006b7abbb82895ebd2e>:0).  
61.8,Exception,IndexOutOfRangeException: Index was outside the bounds of the array.,SimpleController.FixedUpdate () (at <a8210e2c524f4006b7abbb82895ebd2e>:0).  
61.82,Exception,IndexOutOfRangeException: Index was outside the bounds of the array.,SimpleController.FixedUpdate () (at <a8210e2c524f4006b7abbb82895ebd2e>:0).  
61.84,Exception,IndexOutOfRangeException: Index was outside the bounds of the array.,SimpleController.FixedUpdate () (at <a8210e2c524f4006b7abbb82895ebd2e>:0).  
61.86,Exception,IndexOutOfRangeException: Index was outside the bounds of the array.,SimpleController.FixedUpdate () (at <a8210e2c524f4006b7abbb82895ebd2e>:0).  
61.88,Exception,IndexOutOfRangeException: Index was outside the bounds of the array.,SimpleController.FixedUpdate () (at <a8210e2c524f4006b7abbb82895ebd2e>:0).  
61.9,Exception,IndexOutOfRangeException: Index was outside the bounds of the array.,SimpleController.FixedUpdate () (at <a8210e2c524f4006b7abbb82895ebd2e>:0).  
61.92,Exception,IndexOutOfRangeException: Index was outside the bounds of the array.,SimpleController.FixedUpdate () (at <a8210e2c524f4006b7abbb82895ebd2e>:0).  
61.94,Exception,IndexOutOfRangeException: Index was outside the bounds of the array.,SimpleController.FixedUpdate () (at <a8210e2c524f4006b7abbb82895ebd2e>:0).  
61.96,Exception,IndexOutOfRangeException: Index was outside the bounds of the array.,SimpleController.FixedUpdate () (at <a8210e2c524f4006b7abbb82895ebd2e>:0).  
61.98,Exception,IndexOutOfRangeException: Index was outside the bounds of the array.,SimpleController.FixedUpdate () (at <a8210e2c524f4006b7abbb82895ebd2e>:0).  
62,Exception,IndexOutOfRangeException: Index was outside the bounds of the array.,SimpleController.FixedUpdate () (at <a8210e2c524f4006b7abbb82895ebd2e>:0).  
62.02,Exception,IndexOutOfRangeException: Index was outside the bounds of the array.,SimpleController.FixedUpdate () (at <a8210e2c524f4006b7abbb82895ebd2e>:0).  
62.04,Exception,IndexOutOfRangeException: Index was outside the bounds of the array.,SimpleController.FixedUpdate () (at <a8210e2c524f4006b7abbb82895ebd2e>:0).  
62.06,Exception,IndexOutOfRangeException: Index was outside the bounds of the array.,SimpleController.FixedUpdate () (at <a8210e2c524f4006b7abbb82895ebd2e>:0).  
62.08,Exception,IndexOutOfRangeException: Index was outside the bounds of the array.,SimpleController.FixedUpdate () (at <a8210e2c524f4006b7abbb82895ebd2e>:0).  
62.1,Exception,IndexOutOfRangeException: Index was outside the bounds of the array.,SimpleController.FixedUpdate () (at <a8210e2c524f4006b7abbb82895ebd2e>:0).  
62.12,Exception,IndexOutOfRangeException: Index was outside the bounds of the array.,SimpleController.FixedUpdate () (at <a8210e2c524f4006b7abbb82895ebd2e>:0).  
62.14,Exception,IndexOutOfRangeException: Index was outside the bounds of the array.,SimpleController.FixedUpdate () (at <a8210e2c524f4006b7abbb82895ebd2e>:0).  
62.16,Exception,IndexOutOfRangeException: Index was outside the bounds of the array.,SimpleController.FixedUpdate () (at <a8210e2c524f4006b7abbb82895ebd2e>:0).  
62.18,Exception,IndexOutOfRangeException: Index was outside the bounds of the array.,SimpleController.FixedUpdate () (at <a8210e2c524f4006b7abbb82895ebd2e>:0).  
62.2,Exception,IndexOutOfRangeException: Index was outside the bounds of the array.,SimpleController.FixedUpdate () (at <a8210e2c524f4006b7abbb82895ebd2e>:0).  
62.22,Exception,IndexOutOfRangeException: Index was outside the bounds of the array.,SimpleController.FixedUpdate () (at <a8210e2c524f4006b7abbb82895ebd2e>:0).  
62.24,Exception,IndexOutOfRangeException: Index was outside the bounds of the array.,SimpleController.FixedUpdate () (at <a8210e2c524f4006b7abbb82895ebd2e>:0).  
62.26,Exception,IndexOutOfRangeException: Index was outside the bounds of the array.,SimpleController.FixedUpdate () (at <a8210e2c524f4006b7abbb82895ebd2e>:0).  
62.28,Exception,IndexOutOfRangeException: Index was outside the bounds of the array.,SimpleController.FixedUpdate () (at <a8210e2c524f4006b7abbb82895ebd2e>:0).  
62.3,Exception,IndexOutOfRangeException: Index was outside the bounds of the array.,SimpleController.FixedUpdate () (at <a8210e2c524f4006b7abbb82895ebd2e>:0).  
62.32,Exception,IndexOutOfRangeException: Index was outside the bounds of the array.,SimpleController.FixedUpdate () (at <a8210e2c524f4006b7abbb82895ebd2e>:0).  
62.34,Exception,IndexOutOfRangeException: Index was outside the bounds of the array.,SimpleController.FixedUpdate () (at <a8210e2c524f4006b7abbb82895ebd2e>:0).  
62.36,Exception,IndexOutOfRangeException: Index was outside the bounds of the array.,SimpleController.FixedUpdate () (at <a8210e2c524f4006b7abbb82895ebd2e>:0).  
62.38,Exception,IndexOutOfRangeException: Index was outside the bounds of the array.,SimpleController.FixedUpdate () (at <a8210e2c524f4006b7abbb82895ebd2e>:0).  
62.4,Exception,IndexOutOfRangeException: Index was outside the bounds of the array.,SimpleController.FixedUpdate () (at <a8210e2c524f4006b7abbb82895ebd2e>:0).  
62.42,Exception,IndexOutOfRangeException: Index was outside the bounds of the array.,SimpleController.FixedUpdate () (at <a8210e2c524f4006b7abbb82895ebd2e>:0).  
62.44,Exception,IndexOutOfRangeException: Index was outside the bounds of the array.,SimpleController.FixedUpdate () (at <a8210e2c524f4006b7abbb82895ebd2e>:0).  
62.46,Exception,IndexOutOfRangeException: Index was outside the bounds of the array.,SimpleController.FixedUpdate () (at <a8210e2c524f4006b7abbb82895ebd2e>:0).  
62.48,Exception,IndexOutOfRangeException: Index was outside the bounds of the array.,SimpleController.FixedUpdate () (at <a8210e2c524f4006b7abbb82895ebd2e>:0).  
62.5,Exception,IndexOutOfRangeException: Index was outside the bounds of the array.,SimpleController.FixedUpdate () (at <a8210e2c524f4006b7abbb82895ebd2e>:0).  
62.52,Exception,IndexOutOfRangeException: Index was outside the bounds of the array.,SimpleController.FixedUpdate () (at <a8210e2c524f4006b7abbb82895ebd2e>:0).  
62.54,Exception,IndexOutOfRangeException: Index was outside the bounds of the array.,SimpleController.FixedUpdate () (at <a8210e2c524f4006b7abbb82895ebd2e>:0).  
62.56,Exception,IndexOutOfRangeException: Index was outside the bounds of the array.,SimpleController.FixedUpdate () (at <a8210e2c524f4006b7abbb82895ebd2e>:0).  
62.58,Exception,IndexOutOfRangeException: Index was outside the bounds of the array.,SimpleController.FixedUpdate () (at <a8210e2c524f4006b7abbb82895ebd2e>:0).  
62.6,Exception,IndexOutOfRangeException: Index was outside the bounds of the array.,SimpleController.FixedUpdate () (at <a8210e2c524f4006b7abbb82895ebd2e>:0).  
62.62,Exception,IndexOutOfRangeException: Index was outside the bounds of the array.,SimpleController.FixedUpdate () (at <a8210e2c524f4006b7abbb82895ebd2e>:0).  
62.64,Exception,IndexOutOfRangeException: Index was outside the bounds of the array.,SimpleController.FixedUpdate () (at <a8210e2c524f4006b7abbb82895ebd2e>:0).  
62.66,Exception,IndexOutOfRangeException: Index was outside the bounds of the array.,SimpleController.FixedUpdate () (at <a8210e2c524f4006b7abbb82895ebd2e>:0).  
62.68,Exception,IndexOutOfRangeException: Index was outside the bounds of the array.,SimpleController.FixedUpdate () (at <a8210e2c524f4006b7abbb82895ebd2e>:0).  
62.7,Exception,IndexOutOfRangeException: Index was outside the bounds of the array.,SimpleController.FixedUpdate () (at <a8210e2c524f4006b7abbb82895ebd2e>:0).  
62.72,Exception,IndexOutOfRangeException: Index was outside the bounds of the array.,SimpleController.FixedUpdate () (at <a8210e2c524f4006b7abbb82895ebd2e>:0).  
62.74,Exception,IndexOutOfRangeException: Index was outside the bounds of the array.,SimpleController.FixedUpdate () (at <a8210e2c524f4006b7abbb82895ebd2e>:0).  
62.76,Exception,IndexOutOfRangeException: Index was outside the bounds of the array.,SimpleController.FixedUpdate () (at <a8210e2c524f4006b7abbb82895ebd2e>:0).  
62.78,Exception,IndexOutOfRangeException: Index was outside the bounds of the array.,SimpleController.FixedUpdate () (at <a8210e2c524f4006b7abbb82895ebd2e>:0).  
62.8,Exception,IndexOutOfRangeException: Index was outside the bounds of the array.,SimpleController.FixedUpdate () (at <a8210e2c524f4006b7abbb82895ebd2e>:0).  
62.82,Exception,IndexOutOfRangeException: Index was outside the bounds of the array.,SimpleController.FixedUpdate () (at <a8210e2c524f4006b7abbb82895ebd2e>:0).  
62.84,Exception,IndexOutOfRangeException: Index was outside the bounds of the array.,SimpleController.FixedUpdate () (at <a8210e2c524f4006b7abbb82895ebd2e>:0).  
62.86,Exception,IndexOutOfRangeException: Index was outside the bounds of the array.,SimpleController.FixedUpdate () (at <a8210e2c524f4006b7abbb82895ebd2e>:0).  
62.88,Exception,IndexOutOfRangeException: Index was outside the bounds of the array.,SimpleController.FixedUpdate () (at <a8210e2c524f4006b7abbb82895ebd2e>:0).  
62.9,Exception,IndexOutOfRangeException: Index was outside the bounds of the array.,SimpleController.FixedUpdate () (at <a8210e2c524f4006b7abbb82895ebd2e>:0).  
62.92,Exception,IndexOutOfRangeException: Index was outside the bounds of the array.,SimpleController.FixedUpdate () (at <a8210e2c524f4006b7abbb82895ebd2e>:0).  
62.94,Exception,IndexOutOfRangeException: Index was outside the bounds of the array.,SimpleController.FixedUpdate () (at <a8210e2c524f4006b7abbb82895ebd2e>:0).  
62.96,Exception,IndexOutOfRangeException: Index was outside the bounds of the array.,SimpleController.FixedUpdate () (at <a8210e2c524f4006b7abbb82895ebd2e>:0).  
62.98,Exception,IndexOutOfRangeException: Index was outside the bounds of the array.,SimpleController.FixedUpdate () (at <a8210e2c524f4006b7abbb82895ebd2e>:0).  
63,Exception,IndexOutOfRangeException: Index was outside the bounds of the array.,SimpleController.FixedUpdate () (at <a8210e2c524f4006b7abbb82895ebd2e>:0).  
63.02,Exception,IndexOutOfRangeException: Index was outside the bounds of the array.,SimpleController.FixedUpdate () (at <a8210e2c524f4006b7abbb82895ebd2e>:0).  
63.04,Exception,IndexOutOfRangeException: Index was outside the bounds of the array.,SimpleController.FixedUpdate () (at <a8210e2c524f4006b7abbb82895ebd2e>:0).  
63.06,Exception,IndexOutOfRangeException: Index was outside the bounds of the array.,SimpleController.FixedUpdate () (at <a8210e2c524f4006b7abbb82895ebd2e>:0).  
63.08,Exception,IndexOutOfRangeException: Index was outside the bounds of the array.,SimpleController.FixedUpdate () (at <a8210e2c524f4006b7abbb82895ebd2e>:0).  
63.1,Exception,IndexOutOfRangeException: Index was outside the bounds of the array.,SimpleController.FixedUpdate () (at <a8210e2c524f4006b7abbb82895ebd2e>:0).  
63.12,Exception,IndexOutOfRangeException: Index was outside the bounds of the array.,SimpleController.FixedUpdate () (at <a8210e2c524f4006b7abbb82895ebd2e>:0).  
63.14,Exception,IndexOutOfRangeException: Index was outside the bounds of the array.,SimpleController.FixedUpdate () (at <a8210e2c524f4006b7abbb82895ebd2e>:0).  
63.16,Exception,IndexOutOfRangeException: Index was outside the bounds of the array.,SimpleController.FixedUpdate () (at <a8210e2c524f4006b7abbb82895ebd2e>:0).  
63.18,Exception,IndexOutOfRangeException: Index was outside the bounds of the array.,SimpleController.FixedUpdate () (at <a8210e2c524f4006b7abbb82895ebd2e>:0).  
63.2,Exception,IndexOutOfRangeException: Index was outside the bounds of the array.,SimpleController.FixedUpdate () (at <a8210e2c524f4006b7abbb82895ebd2e>:0).  
63.22,Exception,IndexOutOfRangeException: Index was outside the bounds of the array.,SimpleController.FixedUpdate () (at <a8210e2c524f4006b7abbb82895ebd2e>:0).  
63.24,Exception,IndexOutOfRangeException: Index was outside the bounds of the array.,SimpleController.FixedUpdate () (at <a8210e2c524f4006b7abbb82895ebd2e>:0).  
63.26,Exception,IndexOutOfRangeException: Index was outside the bounds of the array.,SimpleController.FixedUpdate () (at <a8210e2c524f4006b7abbb82895ebd2e>:0).  
63.28,Exception,IndexOutOfRangeException: Index was outside the bounds of the array.,SimpleController.FixedUpdate () (at <a8210e2c524f4006b7abbb82895ebd2e>:0).  
63.3,Exception,IndexOutOfRangeException: Index was outside the bounds of the array.,SimpleController.FixedUpdate () (at <a8210e2c524f4006b7abbb82895ebd2e>:0).  
63.32,Exception,IndexOutOfRangeException: Index was outside the bounds of the array.,SimpleController.FixedUpdate () (at <a8210e2c524f4006b7abbb82895ebd2e>:0).  
63.34,Exception,IndexOutOfRangeException: Index was outside the bounds of the array.,SimpleController.FixedUpdate () (at <a8210e2c524f4006b7abbb82895ebd2e>:0).  
63.36,Exception,IndexOutOfRangeException: Index was outside the bounds of the array.,SimpleController.FixedUpdate () (at <a8210e2c524f4006b7abbb82895ebd2e>:0).  
63.38,Exception,IndexOutOfRangeException: Index was outside the bounds of the array.,SimpleController.FixedUpdate () (at <a8210e2c524f4006b7abbb82895ebd2e>:0).  
63.4,Exception,IndexOutOfRangeException: Index was outside the bounds of the array.,SimpleController.FixedUpdate () (at <a8210e2c524f4006b7abbb82895ebd2e>:0).  
63.42,Exception,IndexOutOfRangeException: Index was outside the bounds of the array.,SimpleController.FixedUpdate () (at <a8210e2c524f4006b7abbb82895ebd2e>:0).  
63.44,Exception,IndexOutOfRangeException: Index was outside the bounds of the array.,SimpleController.FixedUpdate () (at <a8210e2c524f4006b7abbb82895ebd2e>:0).  
63.46,Exception,IndexOutOfRangeException: Index was outside the bounds of the array.,SimpleController.FixedUpdate () (at <a8210e2c524f4006b7abbb82895ebd2e>:0).  
63.48,Exception,IndexOutOfRangeException: Index was outside the bounds of the array.,SimpleController.FixedUpdate () (at <a8210e2c524f4006b7abbb82895ebd2e>:0).  
63.5,Exception,IndexOutOfRangeException: Index was outside the bounds of the array.,SimpleController.FixedUpdate () (at <a8210e2c524f4006b7abbb82895ebd2e>:0).  
63.52,Exception,IndexOutOfRangeException: Index was outside the bounds of the array.,SimpleController.FixedUpdate () (at <a8210e2c524f4006b7abbb82895ebd2e>:0).  
63.54,Exception,IndexOutOfRangeException: Index was outside the bounds of the array.,SimpleController.FixedUpdate () (at <a8210e2c524f4006b7abbb82895ebd2e>:0).  
63.56,Exception,IndexOutOfRangeException: Index was outside the bounds of the array.,SimpleController.FixedUpdate () (at <a8210e2c524f4006b7abbb82895ebd2e>:0).  
63.58,Exception,IndexOutOfRangeException: Index was outside the bounds of the array.,SimpleController.FixedUpdate () (at <a8210e2c524f4006b7abbb82895ebd2e>:0).  
63.6,Exception,IndexOutOfRangeException: Index was outside the bounds of the array.,SimpleController.FixedUpdate () (at <a8210e2c524f4006b7abbb82895ebd2e>:0).  
63.62,Exception,IndexOutOfRangeException: Index was outside the bounds of the array.,SimpleController.FixedUpdate () (at <a8210e2c524f4006b7abbb82895ebd2e>:0).  
63.64,Exception,IndexOutOfRangeException: Index was outside the bounds of the array.,SimpleController.FixedUpdate () (at <a8210e2c524f4006b7abbb82895ebd2e>:0).  
63.66,Exception,IndexOutOfRangeException: Index was outside the bounds of the array.,SimpleController.FixedUpdate () (at <a8210e2c524f4006b7abbb82895ebd2e>:0).  
63.68,Exception,IndexOutOfRangeException: Index was outside the bounds of the array.,SimpleController.FixedUpdate () (at <a8210e2c524f4006b7abbb82895ebd2e>:0).  
63.7,Exception,IndexOutOfRangeException: Index was outside the bounds of the array.,SimpleController.FixedUpdate () (at <a8210e2c524f4006b7abbb82895ebd2e>:0).  
63.72,Exception,IndexOutOfRangeException: Index was outside the bounds of the array.,SimpleController.FixedUpdate () (at <a8210e2c524f4006b7abbb82895ebd2e>:0).  
63.74,Exception,IndexOutOfRangeException: Index was outside the bounds of the array.,SimpleController.FixedUpdate () (at <a8210e2c524f4006b7abbb82895ebd2e>:0).  
63.76,Exception,IndexOutOfRangeException: Index was outside the bounds of the array.,SimpleController.FixedUpdate () (at <a8210e2c524f4006b7abbb82895ebd2e>:0).  
63.78,Exception,IndexOutOfRangeException: Index was outside the bounds of the array.,SimpleController.FixedUpdate () (at <a8210e2c524f4006b7abbb82895ebd2e>:0).  
63.8,Exception,IndexOutOfRangeException: Index was outside the bounds of the array.,SimpleController.FixedUpdate () (at <a8210e2c524f4006b7abbb82895ebd2e>:0).  
63.82,Exception,IndexOutOfRangeException: Index was outside the bounds of the array.,SimpleController.FixedUpdate () (at <a8210e2c524f4006b7abbb82895ebd2e>:0).  
63.84,Exception,IndexOutOfRangeException: Index was outside the bounds of the array.,SimpleController.FixedUpdate () (at <a8210e2c524f4006b7abbb82895ebd2e>:0).  
63.86,Exception,IndexOutOfRangeException: Index was outside the bounds of the array.,SimpleController.FixedUpdate () (at <a8210e2c524f4006b7abbb82895ebd2e>:0).  
63.88,Exception,IndexOutOfRangeException: Index was outside the bounds of the array.,SimpleController.FixedUpdate () (at <a8210e2c524f4006b7abbb82895ebd2e>:0).  
63.9,Exception,IndexOutOfRangeException: Index was outside the bounds of the array.,SimpleController.FixedUpdate () (at <a8210e2c524f4006b7abbb82895ebd2e>:0).  
63.92,Exception,IndexOutOfRangeException: Index was outside the bounds of the array.,SimpleController.FixedUpdate () (at <a8210e2c524f4006b7abbb82895ebd2e>:0).  
63.94,Exception,IndexOutOfRangeException: Index was outside the bounds of the array.,SimpleController.FixedUpdate () (at <a8210e2c524f4006b7abbb82895ebd2e>:0).  
63.96,Exception,IndexOutOfRangeException: Index was outside the bounds of the array.,SimpleController.FixedUpdate () (at <a8210e2c524f4006b7abbb82895ebd2e>:0).  
63.98,Exception,IndexOutOfRangeException: Index was outside the bounds of the array.,SimpleController.FixedUpdate () (at <a8210e2c524f4006b7abbb82895ebd2e>:0).  
64,Exception,IndexOutOfRangeException: Index was outside the bounds of the array.,SimpleController.FixedUpdate () (at <a8210e2c524f4006b7abbb82895ebd2e>:0).  
64.02,Exception,IndexOutOfRangeException: Index was outside the bounds of the array.,SimpleController.FixedUpdate () (at <a8210e2c524f4006b7abbb82895ebd2e>:0).  
64.04,Exception,IndexOutOfRangeException: Index was outside the bounds of the array.,SimpleController.FixedUpdate () (at <a8210e2c524f4006b7abbb82895ebd2e>:0).  
64.06,Exception,IndexOutOfRangeException: Index was outside the bounds of the array.,SimpleController.FixedUpdate () (at <a8210e2c524f4006b7abbb82895ebd2e>:0).  
64.08,Exception,IndexOutOfRangeException: Index was outside the bounds of the array.,SimpleController.FixedUpdate () (at <a8210e2c524f4006b7abbb82895ebd2e>:0).  
64.1,Exception,IndexOutOfRangeException: Index was outside the bounds of the array.,SimpleController.FixedUpdate () (at <a8210e2c524f4006b7abbb82895ebd2e>:0).  
64.12,Exception,IndexOutOfRangeException: Index was outside the bounds of the array.,SimpleController.FixedUpdate () (at <a8210e2c524f4006b7abbb82895ebd2e>:0).  
64.14,Exception,IndexOutOfRangeException: Index was outside the bounds of the array.,SimpleController.FixedUpdate () (at <a8210e2c524f4006b7abbb82895ebd2e>:0).  
64.16,Exception,IndexOutOfRangeException: Index was outside the bounds of the array.,SimpleController.FixedUpdate () (at <a8210e2c524f4006b7abbb82895ebd2e>:0).  
64.18,Exception,IndexOutOfRangeException: Index was outside the bounds of the array.,SimpleController.FixedUpdate () (at <a8210e2c524f4006b7abbb82895ebd2e>:0).  
64.2,Exception,IndexOutOfRangeException: Index was outside the bounds of the array.,SimpleController.FixedUpdate () (at <a8210e2c524f4006b7abbb82895ebd2e>:0).  
64.22,Exception,IndexOutOfRangeException: Index was outside the bounds of the array.,SimpleController.FixedUpdate () (at <a8210e2c524f4006b7abbb82895ebd2e>:0).  
64.24,Exception,IndexOutOfRangeException: Index was outside the bounds of the array.,SimpleController.FixedUpdate () (at <a8210e2c524f4006b7abbb82895ebd2e>:0).  
64.26,Exception,IndexOutOfRangeException: Index was outside the bounds of the array.,SimpleController.FixedUpdate () (at <a8210e2c524f4006b7abbb82895ebd2e>:0).  
64.28,Exception,IndexOutOfRangeException: Index was outside the bounds of the array.,SimpleController.FixedUpdate () (at <a8210e2c524f4006b7abbb82895ebd2e>:0).  
64.3,Exception,IndexOutOfRangeException: Index was outside the bounds of the array.,SimpleController.FixedUpdate () (at <a8210e2c524f4006b7abbb82895ebd2e>:0).  
64.32,Exception,IndexOutOfRangeException: Index was outside the bounds of the array.,SimpleController.FixedUpdate () (at <a8210e2c524f4006b7abbb82895ebd2e>:0).  
64.34,Exception,IndexOutOfRangeException: Index was outside the bounds of the array.,SimpleController.FixedUpdate () (at <a8210e2c524f4006b7abbb82895ebd2e>:0).  
64.36,Exception,IndexOutOfRangeException: Index was outside the bounds of the array.,SimpleController.FixedUpdate () (at <a8210e2c524f4006b7abbb82895ebd2e>:0).  
64.38,Exception,IndexOutOfRangeException: Index was outside the bounds of the array.,SimpleController.FixedUpdate () (at <a8210e2c524f4006b7abbb82895ebd2e>:0).  
64.4,Exception,IndexOutOfRangeException: Index was outside the bounds of the array.,SimpleController.FixedUpdate () (at <a8210e2c524f4006b7abbb82895ebd2e>:0).  
64.42,Exception,IndexOutOfRangeException: Index was outside the bounds of the array.,SimpleController.FixedUpdate () (at <a8210e2c524f4006b7abbb82895ebd2e>:0).  
64.43999,Exception,IndexOutOfRangeException: Index was outside the bounds of the array.,SimpleController.FixedUpdate () (at <a8210e2c524f4006b7abbb82895ebd2e>:0).  
64.46,Exception,IndexOutOfRangeException: Index was outside the bounds of the array.,SimpleController.FixedUpdate () (at <a8210e2c524f4006b7abbb82895ebd2e>:0).  
64.48,Exception,IndexOutOfRangeException: Index was outside the bounds of the array.,SimpleController.FixedUpdate () (at <a8210e2c524f4006b7abbb82895ebd2e>:0).  
64.5,Exception,IndexOutOfRangeException: Index was outside the bounds of the array.,SimpleController.FixedUpdate () (at <a8210e2c524f4006b7abbb82895ebd2e>:0).  
64.52,Exception,IndexOutOfRangeException: Index was outside the bounds of the array.,SimpleController.FixedUpdate () (at <a8210e2c524f4006b7abbb82895ebd2e>:0).  
64.54,Exception,IndexOutOfRangeException: Index was outside the bounds of the array.,SimpleController.FixedUpdate () (at <a8210e2c524f4006b7abbb82895ebd2e>:0).  
64.56,Exception,IndexOutOfRangeException: Index was outside the bounds of the array.,SimpleController.FixedUpdate () (at <a8210e2c524f4006b7abbb82895ebd2e>:0).  
64.58,Exception,IndexOutOfRangeException: Index was outside the bounds of the array.,SimpleController.FixedUpdate () (at <a8210e2c524f4006b7abbb82895ebd2e>:0).  
64.6,Exception,IndexOutOfRangeException: Index was outside the bounds of the array.,SimpleController.FixedUpdate () (at <a8210e2c524f4006b7abbb82895ebd2e>:0).  
64.62,Exception,IndexOutOfRangeException: Index was outside the bounds of the array.,SimpleController.FixedUpdate () (at <a8210e2c524f4006b7abbb82895ebd2e>:0).  
64.64,Exception,IndexOutOfRangeException: Index was outside the bounds of the array.,SimpleController.FixedUpdate () (at <a8210e2c524f4006b7abbb82895ebd2e>:0).  
64.66,Exception,IndexOutOfRangeException: Index was outside the bounds of the array.,SimpleController.FixedUpdate () (at <a8210e2c524f4006b7abbb82895ebd2e>:0).  
64.68,Exception,IndexOutOfRangeException: Index was outside the bounds of the array.,SimpleController.FixedUpdate () (at <a8210e2c524f4006b7abbb82895ebd2e>:0).  
64.7,Exception,IndexOutOfRangeException: Index was outside the bounds of the array.,SimpleController.FixedUpdate () (at <a8210e2c524f4006b7abbb82895ebd2e>:0).  
64.72,Exception,IndexOutOfRangeException: Index was outside the bounds of the array.,SimpleController.FixedUpdate () (at <a8210e2c524f4006b7abbb82895ebd2e>:0).  
64.74,Exception,IndexOutOfRangeException: Index was outside the bounds of the array.,SimpleController.FixedUpdate () (at <a8210e2c524f4006b7abbb82895ebd2e>:0).  
64.76,Exception,IndexOutOfRangeException: Index was outside the bounds of the array.,SimpleController.FixedUpdate () (at <a8210e2c524f4006b7abbb82895ebd2e>:0).  
64.78,Exception,IndexOutOfRangeException: Index was outside the bounds of the array.,SimpleController.FixedUpdate () (at <a8210e2c524f4006b7abbb82895ebd2e>:0).  
64.8,Exception,IndexOutOfRangeException: Index was outside the bounds of the array.,SimpleController.FixedUpdate () (at <a8210e2c524f4006b7abbb82895ebd2e>:0).  
64.82,Exception,IndexOutOfRangeException: Index was outside the bounds of the array.,SimpleController.FixedUpdate () (at <a8210e2c524f4006b7abbb82895ebd2e>:0).  
64.84,Exception,IndexOutOfRangeException: Index was outside the bounds of the array.,SimpleController.FixedUpdate () (at <a8210e2c524f4006b7abbb82895ebd2e>:0).  
64.86,Exception,IndexOutOfRangeException: Index was outside the bounds of the array.,SimpleController.FixedUpdate () (at <a8210e2c524f4006b7abbb82895ebd2e>:0).  
64.88,Exception,IndexOutOfRangeException: Index was outside the bounds of the array.,SimpleController.FixedUpdate () (at <a8210e2c524f4006b7abbb82895ebd2e>:0).  
64.9,Exception,IndexOutOfRangeException: Index was outside the bounds of the array.,SimpleController.FixedUpdate () (at <a8210e2c524f4006b7abbb82895ebd2e>:0).  
64.92,Exception,IndexOutOfRangeException: Index was outside the bounds of the array.,SimpleController.FixedUpdate () (at <a8210e2c524f4006b7abbb82895ebd2e>:0).  
64.93999,Exception,IndexOutOfRangeException: Index was outside the bounds of the array.,SimpleController.FixedUpdate () (at <a8210e2c524f4006b7abbb82895ebd2e>:0).  
64.96,Exception,IndexOutOfRangeException: Index was outside the bounds of the array.,SimpleController.FixedUpdate () (at <a8210e2c524f4006b7abbb82895ebd2e>:0).  
64.98,Exception,IndexOutOfRangeException: Index was outside the bounds of the array.,SimpleController.FixedUpdate () (at <a8210e2c524f4006b7abbb82895ebd2e>:0).  
65,Exception,IndexOutOfRangeException: Index was outside the bounds of the array.,SimpleController.FixedUpdate () (at <a8210e2c524f4006b7abbb82895ebd2e>:0).  
65.02,Exception,IndexOutOfRangeException: Index was outside the bounds of the array.,SimpleController.FixedUpdate () (at <a8210e2c524f4006b7abbb82895ebd2e>:0).  
65.04,Exception,IndexOutOfRangeException: Index was outside the bounds of the array.,SimpleController.FixedUpdate () (at <a8210e2c524f4006b7abbb82895ebd2e>:0).  
65.06,Exception,IndexOutOfRangeException: Index was outside the bounds of the array.,SimpleController.FixedUpdate () (at <a8210e2c524f4006b7abbb82895ebd2e>:0).  
65.08,Exception,IndexOutOfRangeException: Index was outside the bounds of the array.,SimpleController.FixedUpdate () (at <a8210e2c524f4006b7abbb82895ebd2e>:0).  
65.1,Exception,IndexOutOfRangeException: Index was outside the bounds of the array.,SimpleController.FixedUpdate () (at <a8210e2c524f4006b7abbb82895ebd2e>:0).  
65.12,Exception,IndexOutOfRangeException: Index was outside the bounds of the array.,SimpleController.FixedUpdate () (at <a8210e2c524f4006b7abbb82895ebd2e>:0).  
65.14,Exception,IndexOutOfRangeException: Index was outside the bounds of the array.,SimpleController.FixedUpdate () (at <a8210e2c524f4006b7abbb82895ebd2e>:0).  
65.16,Exception,IndexOutOfRangeException: Index was outside the bounds of the array.,SimpleController.FixedUpdate () (at <a8210e2c524f4006b7abbb82895ebd2e>:0).  
65.18,Exception,IndexOutOfRangeException: Index was outside the bounds of the array.,SimpleController.FixedUpdate () (at <a8210e2c524f4006b7abbb82895ebd2e>:0).  
65.2,Exception,IndexOutOfRangeException: Index was outside the bounds of the array.,SimpleController.FixedUpdate () (at <a8210e2c524f4006b7abbb82895ebd2e>:0).  
65.22,Exception,IndexOutOfRangeException: Index was outside the bounds of the array.,SimpleController.FixedUpdate () (at <a8210e2c524f4006b7abbb82895ebd2e>:0).  
65.24,Exception,IndexOutOfRangeException: Index was outside the bounds of the array.,SimpleController.FixedUpdate () (at <a8210e2c524f4006b7abbb82895ebd2e>:0).  
65.26,Exception,IndexOutOfRangeException: Index was outside the bounds of the array.,SimpleController.FixedUpdate () (at <a8210e2c524f4006b7abbb82895ebd2e>:0).  
65.28,Exception,IndexOutOfRangeException: Index was outside the bounds of the array.,SimpleController.FixedUpdate () (at <a8210e2c524f4006b7abbb82895ebd2e>:0).  
65.3,Exception,IndexOutOfRangeException: Index was outside the bounds of the array.,SimpleController.FixedUpdate () (at <a8210e2c524f4006b7abbb82895ebd2e>:0).  
65.32,Exception,IndexOutOfRangeException: Index was outside the bounds of the array.,SimpleController.FixedUpdate () (at <a8210e2c524f4006b7abbb82895ebd2e>:0).  
65.34,Exception,IndexOutOfRangeException: Index was outside the bounds of the array.,SimpleController.FixedUpdate () (at <a8210e2c524f4006b7abbb82895ebd2e>:0).  
65.36,Exception,IndexOutOfRangeException: Index was outside the bounds of the array.,SimpleController.FixedUpdate () (at <a8210e2c524f4006b7abbb82895ebd2e>:0).  
65.38,Exception,IndexOutOfRangeException: Index was outside the bounds of the array.,SimpleController.FixedUpdate () (at <a8210e2c524f4006b7abbb82895ebd2e>:0).  
65.4,Exception,IndexOutOfRangeException: Index was outside the bounds of the array.,SimpleController.FixedUpdate () (at <a8210e2c524f4006b7abbb82895ebd2e>:0).  
65.42,Exception,IndexOutOfRangeException: Index was outside the bounds of the array.,SimpleController.FixedUpdate () (at <a8210e2c524f4006b7abbb82895ebd2e>:0).  
65.43999,Exception,IndexOutOfRangeException: Index was outside the bounds of the array.,SimpleController.FixedUpdate () (at <a8210e2c524f4006b7abbb82895ebd2e>:0).  
65.46,Exception,IndexOutOfRangeException: Index was outside the bounds of the array.,SimpleController.FixedUpdate () (at <a8210e2c524f4006b7abbb82895ebd2e>:0).  
65.48,Exception,IndexOutOfRangeException: Index was outside the bounds of the array.,SimpleController.FixedUpdate () (at <a8210e2c524f4006b7abbb82895ebd2e>:0).  
65.5,Exception,IndexOutOfRangeException: Index was outside the bounds of the array.,SimpleController.FixedUpdate () (at <a8210e2c524f4006b7abbb82895ebd2e>:0).  
65.52,Exception,IndexOutOfRangeException: Index was outside the bounds of the array.,SimpleController.FixedUpdate () (at <a8210e2c524f4006b7abbb82895ebd2e>:0).  
65.54,Exception,IndexOutOfRangeException: Index was outside the bounds of the array.,SimpleController.FixedUpdate () (at <a8210e2c524f4006b7abbb82895ebd2e>:0).  
65.56,Exception,IndexOutOfRangeException: Index was outside the bounds of the array.,SimpleController.FixedUpdate () (at <a8210e2c524f4006b7abbb82895ebd2e>:0).  
65.58,Exception,IndexOutOfRangeException: Index was outside the bounds of the array.,SimpleController.FixedUpdate () (at <a8210e2c524f4006b7abbb82895ebd2e>:0).  
65.6,Exception,IndexOutOfRangeException: Index was outside the bounds of the array.,SimpleController.FixedUpdate () (at <a8210e2c524f4006b7abbb82895ebd2e>:0).  
65.62,Exception,IndexOutOfRangeException: Index was outside the bounds of the array.,SimpleController.FixedUpdate () (at <a8210e2c524f4006b7abbb82895ebd2e>:0).  
65.64,Exception,IndexOutOfRangeException: Index was outside the bounds of the array.,SimpleController.FixedUpdate () (at <a8210e2c524f4006b7abbb82895ebd2e>:0).  
65.66,Exception,IndexOutOfRangeException: Index was outside the bounds of the array.,SimpleController.FixedUpdate () (at <a8210e2c524f4006b7abbb82895ebd2e>:0).  
65.68,Exception,IndexOutOfRangeException: Index was outside the bounds of the array.,SimpleController.FixedUpdate () (at <a8210e2c524f4006b7abbb82895ebd2e>:0).  
65.7,Exception,IndexOutOfRangeException: Index was outside the bounds of the array.,SimpleController.FixedUpdate () (at <a8210e2c524f4006b7abbb82895ebd2e>:0).  
65.72,Exception,IndexOutOfRangeException: Index was outside the bounds of the array.,SimpleController.FixedUpdate () (at <a8210e2c524f4006b7abbb82895ebd2e>:0).  
65.74,Exception,IndexOutOfRangeException: Index was outside the bounds of the array.,SimpleController.FixedUpdate () (at <a8210e2c524f4006b7abbb82895ebd2e>:0).  
65.76,Exception,IndexOutOfRangeException: Index was outside the bounds of the array.,SimpleController.FixedUpdate () (at <a8210e2c524f4006b7abbb82895ebd2e>:0).  
65.78,Exception,IndexOutOfRangeException: Index was outside the bounds of the array.,SimpleController.FixedUpdate () (at <a8210e2c524f4006b7abbb82895ebd2e>:0).  
65.8,Exception,IndexOutOfRangeException: Index was outside the bounds of the array.,SimpleController.FixedUpdate () (at <a8210e2c524f4006b7abbb82895ebd2e>:0).  
65.82,Exception,IndexOutOfRangeException: Index was outside the bounds of the array.,SimpleController.FixedUpdate () (at <a8210e2c524f4006b7abbb82895ebd2e>:0).  
65.84,Exception,IndexOutOfRangeException: Index was outside the bounds of the array.,SimpleController.FixedUpdate () (at <a8210e2c524f4006b7abbb82895ebd2e>:0).  
65.86,Exception,IndexOutOfRangeException: Index was outside the bounds of the array.,SimpleController.FixedUpdate () (at <a8210e2c524f4006b7abbb82895ebd2e>:0).  
65.88,Exception,IndexOutOfRangeException: Index was outside the bounds of the array.,SimpleController.FixedUpdate () (at <a8210e2c524f4006b7abbb82895ebd2e>:0).  
65.9,Exception,IndexOutOfRangeException: Index was outside the bounds of the array.,SimpleController.FixedUpdate () (at <a8210e2c524f4006b7abbb82895ebd2e>:0).  
65.92,Exception,IndexOutOfRangeException: Index was outside the bounds of the array.,SimpleController.FixedUpdate () (at <a8210e2c524f4006b7abbb82895ebd2e>:0).  
65.93999,Exception,IndexOutOfRangeException: Index was outside the bounds of the array.,SimpleController.FixedUpdate () (at <a8210e2c524f4006b7abbb82895ebd2e>:0).  
65.96,Exception,IndexOutOfRangeException: Index was outside the bounds of the array.,SimpleController.FixedUpdate () (at <a8210e2c524f4006b7abbb82895ebd2e>:0).  
65.98,Exception,IndexOutOfRangeException: Index was outside the bounds of the array.,SimpleController.FixedUpdate () (at <a8210e2c524f4006b7abbb82895ebd2e>:0).  
66,Exception,IndexOutOfRangeException: Index was outside the bounds of the array.,SimpleController.FixedUpdate () (at <a8210e2c524f4006b7abbb82895ebd2e>:0).  
66.02,Exception,IndexOutOfRangeException: Index was outside the bounds of the array.,SimpleController.FixedUpdate () (at <a8210e2c524f4006b7abbb82895ebd2e>:0).  
66.04,Exception,IndexOutOfRangeException: Index was outside the bounds of the array.,SimpleController.FixedUpdate () (at <a8210e2c524f4006b7abbb82895ebd2e>:0).  
66.06,Exception,IndexOutOfRangeException: Index was outside the bounds of the array.,SimpleController.FixedUpdate () (at <a8210e2c524f4006b7abbb82895ebd2e>:0).  
66.08,Exception,IndexOutOfRangeException: Index was outside the bounds of the array.,SimpleController.FixedUpdate () (at <a8210e2c524f4006b7abbb82895ebd2e>:0).  
66.1,Exception,IndexOutOfRangeException: Index was outside the bounds of the array.,SimpleController.FixedUpdate () (at <a8210e2c524f4006b7abbb82895ebd2e>:0).  
66.12,Exception,IndexOutOfRangeException: Index was outside the bounds of the array.,SimpleController.FixedUpdate () (at <a8210e2c524f4006b7abbb82895ebd2e>:0).  
66.14,Exception,IndexOutOfRangeException: Index was outside the bounds of the array.,SimpleController.FixedUpdate () (at <a8210e2c524f4006b7abbb82895ebd2e>:0).  
66.16,Exception,IndexOutOfRangeException: Index was outside the bounds of the array.,SimpleController.FixedUpdate () (at <a8210e2c524f4006b7abbb82895ebd2e>:0).  
66.18,Exception,IndexOutOfRangeException: Index was outside the bounds of the array.,SimpleController.FixedUpdate () (at <a8210e2c524f4006b7abbb82895ebd2e>:0).  
66.2,Exception,IndexOutOfRangeException: Index was outside the bounds of the array.,SimpleController.FixedUpdate () (at <a8210e2c524f4006b7abbb82895ebd2e>:0).  
66.22,Exception,IndexOutOfRangeException: Index was outside the bounds of the array.,SimpleController.FixedUpdate () (at <a8210e2c524f4006b7abbb82895ebd2e>:0).  
66.24,Exception,IndexOutOfRangeException: Index was outside the bounds of the array.,SimpleController.FixedUpdate () (at <a8210e2c524f4006b7abbb82895ebd2e>:0).  
66.26,Exception,IndexOutOfRangeException: Index was outside the bounds of the array.,SimpleController.FixedUpdate () (at <a8210e2c524f4006b7abbb82895ebd2e>:0).  
66.28,Exception,IndexOutOfRangeException: Index was outside the bounds of the array.,SimpleController.FixedUpdate () (at <a8210e2c524f4006b7abbb82895ebd2e>:0).  
66.3,Exception,IndexOutOfRangeException: Index was outside the bounds of the array.,SimpleController.FixedUpdate () (at <a8210e2c524f4006b7abbb82895ebd2e>:0).  
66.32,Exception,IndexOutOfRangeException: Index was outside the bounds of the array.,SimpleController.FixedUpdate () (at <a8210e2c524f4006b7abbb82895ebd2e>:0).  
66.34,Exception,IndexOutOfRangeException: Index was outside the bounds of the array.,SimpleController.FixedUpdate () (at <a8210e2c524f4006b7abbb82895ebd2e>:0).  
66.36,Exception,IndexOutOfRangeException: Index was outside the bounds of the array.,SimpleController.FixedUpdate () (at <a8210e2c524f4006b7abbb82895ebd2e>:0).  
66.38,Exception,IndexOutOfRangeException: Index was outside the bounds of the array.,SimpleController.FixedUpdate () (at <a8210e2c524f4006b7abbb82895ebd2e>:0).  
66.4,Exception,IndexOutOfRangeException: Index was outside the bounds of the array.,SimpleController.FixedUpdate () (at <a8210e2c524f4006b7abbb82895ebd2e>:0).  
66.42,Exception,IndexOutOfRangeException: Index was outside the bounds of the array.,SimpleController.FixedUpdate () (at <a8210e2c524f4006b7abbb82895ebd2e>:0).  
66.43999,Exception,IndexOutOfRangeException: Index was outside the bounds of the array.,SimpleController.FixedUpdate () (at <a8210e2c524f4006b7abbb82895ebd2e>:0).  
66.46,Exception,IndexOutOfRangeException: Index was outside the bounds of the array.,SimpleController.FixedUpdate () (at <a8210e2c524f4006b7abbb82895ebd2e>:0).  
66.48,Exception,IndexOutOfRangeException: Index was outside the bounds of the array.,SimpleController.FixedUpdate () (at <a8210e2c524f4006b7abbb82895ebd2e>:0).  
66.5,Exception,IndexOutOfRangeException: Index was outside the bounds of the array.,SimpleController.FixedUpdate () (at <a8210e2c524f4006b7abbb82895ebd2e>:0).  
66.52,Exception,IndexOutOfRangeException: Index was outside the bounds of the array.,SimpleController.FixedUpdate () (at <a8210e2c524f4006b7abbb82895ebd2e>:0).  
66.54,Exception,IndexOutOfRangeException: Index was outside the bounds of the array.,SimpleController.FixedUpdate () (at <a8210e2c524f4006b7abbb82895ebd2e>:0).  
66.56,Exception,IndexOutOfRangeException: Index was outside the bounds of the array.,SimpleController.FixedUpdate () (at <a8210e2c524f4006b7abbb82895ebd2e>:0).  
66.58,Exception,IndexOutOfRangeException: Index was outside the bounds of the array.,SimpleController.FixedUpdate () (at <a8210e2c524f4006b7abbb82895ebd2e>:0).  
66.6,Exception,IndexOutOfRangeException: Index was outside the bounds of the array.,SimpleController.FixedUpdate () (at <a8210e2c524f4006b7abbb82895ebd2e>:0).  
66.62,Exception,IndexOutOfRangeException: Index was outside the bounds of the array.,SimpleController.FixedUpdate () (at <a8210e2c524f4006b7abbb82895ebd2e>:0).  
66.64,Exception,IndexOutOfRangeException: Index was outside the bounds of the array.,SimpleController.FixedUpdate () (at <a8210e2c524f4006b7abbb82895ebd2e>:0).  
66.66,Exception,IndexOutOfRangeException: Index was outside the bounds of the array.,SimpleController.FixedUpdate () (at <a8210e2c524f4006b7abbb82895ebd2e>:0).  
66.68,Exception,IndexOutOfRangeException: Index was outside the bounds of the array.,SimpleController.FixedUpdate () (at <a8210e2c524f4006b7abbb82895ebd2e>:0).  
66.7,Exception,IndexOutOfRangeException: Index was outside the bounds of the array.,SimpleController.FixedUpdate () (at <a8210e2c524f4006b7abbb82895ebd2e>:0).  
66.72,Exception,IndexOutOfRangeException: Index was outside the bounds of the array.,SimpleController.FixedUpdate () (at <a8210e2c524f4006b7abbb82895ebd2e>:0).  
66.74,Exception,IndexOutOfRangeException: Index was outside the bounds of the array.,SimpleController.FixedUpdate () (at <a8210e2c524f4006b7abbb82895ebd2e>:0).  
66.76,Exception,IndexOutOfRangeException: Index was outside the bounds of the array.,SimpleController.FixedUpdate () (at <a8210e2c524f4006b7abbb82895ebd2e>:0).  
66.78,Exception,IndexOutOfRangeException: Index was outside the bounds of the array.,SimpleController.FixedUpdate () (at <a8210e2c524f4006b7abbb82895ebd2e>:0).  
66.8,Exception,IndexOutOfRangeException: Index was outside the bounds of the array.,SimpleController.FixedUpdate () (at <a8210e2c524f4006b7abbb82895ebd2e>:0).  
66.82,Exception,IndexOutOfRangeException: Index was outside the bounds of the array.,SimpleController.FixedUpdate () (at <a8210e2c524f4006b7abbb82895ebd2e>:0).  
66.84,Exception,IndexOutOfRangeException: Index was outside the bounds of the array.,SimpleController.FixedUpdate () (at <a8210e2c524f4006b7abbb82895ebd2e>:0).  
66.86,Exception,IndexOutOfRangeException: Index was outside the bounds of the array.,SimpleController.FixedUpdate () (at <a8210e2c524f4006b7abbb82895ebd2e>:0).  
66.88,Exception,IndexOutOfRangeException: Index was outside the bounds of the array.,SimpleController.FixedUpdate () (at <a8210e2c524f4006b7abbb82895ebd2e>:0).  
66.9,Exception,IndexOutOfRangeException: Index was outside the bounds of the array.,SimpleController.FixedUpdate () (at <a8210e2c524f4006b7abbb82895ebd2e>:0).  
66.92,Exception,IndexOutOfRangeException: Index was outside the bounds of the array.,SimpleController.FixedUpdate () (at <a8210e2c524f4006b7abbb82895ebd2e>:0).  
66.93999,Exception,IndexOutOfRangeException: Index was outside the bounds of the array.,SimpleController.FixedUpdate () (at <a8210e2c524f4006b7abbb82895ebd2e>:0).  
66.96,Exception,IndexOutOfRangeException: Index was outside the bounds of the array.,SimpleController.FixedUpdate () (at <a8210e2c524f4006b7abbb82895ebd2e>:0).  
66.98,Exception,IndexOutOfRangeException: Index was outside the bounds of the array.,SimpleController.FixedUpdate () (at <a8210e2c524f4006b7abbb82895ebd2e>:0).  
67,Exception,IndexOutOfRangeException: Index was outside the bounds of the array.,SimpleController.FixedUpdate () (at <a8210e2c524f4006b7abbb82895ebd2e>:0).  
67.02,Exception,IndexOutOfRangeException: Index was outside the bounds of the array.,SimpleController.FixedUpdate () (at <a8210e2c524f4006b7abbb82895ebd2e>:0).  
67.04,Exception,IndexOutOfRangeException: Index was outside the bounds of the array.,SimpleController.FixedUpdate () (at <a8210e2c524f4006b7abbb82895ebd2e>:0).  
67.06,Exception,IndexOutOfRangeException: Index was outside the bounds of the array.,SimpleController.FixedUpdate () (at <a8210e2c524f4006b7abbb82895ebd2e>:0).  
67.08,Exception,IndexOutOfRangeException: Index was outside the bounds of the array.,SimpleController.FixedUpdate () (at <a8210e2c524f4006b7abbb82895ebd2e>:0).  
67.1,Exception,IndexOutOfRangeException: Index was outside the bounds of the array.,SimpleController.FixedUpdate () (at <a8210e2c524f4006b7abbb82895ebd2e>:0).  
67.12,Exception,IndexOutOfRangeException: Index was outside the bounds of the array.,SimpleController.FixedUpdate () (at <a8210e2c524f4006b7abbb82895ebd2e>:0).  
67.14,Exception,IndexOutOfRangeException: Index was outside the bounds of the array.,SimpleController.FixedUpdate () (at <a8210e2c524f4006b7abbb82895ebd2e>:0).  
67.16,Exception,IndexOutOfRangeException: Index was outside the bounds of the array.,SimpleController.FixedUpdate () (at <a8210e2c524f4006b7abbb82895ebd2e>:0).  
67.18,Exception,IndexOutOfRangeException: Index was outside the bounds of the array.,SimpleController.FixedUpdate () (at <a8210e2c524f4006b7abbb82895ebd2e>:0).  
67.2,Exception,IndexOutOfRangeException: Index was outside the bounds of the array.,SimpleController.FixedUpdate () (at <a8210e2c524f4006b7abbb82895ebd2e>:0).  
67.22,Exception,IndexOutOfRangeException: Index was outside the bounds of the array.,SimpleController.FixedUpdate () (at <a8210e2c524f4006b7abbb82895ebd2e>:0).  
67.24,Exception,IndexOutOfRangeException: Index was outside the bounds of the array.,SimpleController.FixedUpdate () (at <a8210e2c524f4006b7abbb82895ebd2e>:0).  
67.26,Exception,IndexOutOfRangeException: Index was outside the bounds of the array.,SimpleController.FixedUpdate () (at <a8210e2c524f4006b7abbb82895ebd2e>:0).  
67.28,Exception,IndexOutOfRangeException: Index was outside the bounds of the array.,SimpleController.FixedUpdate () (at <a8210e2c524f4006b7abbb82895ebd2e>:0).  
67.3,Exception,IndexOutOfRangeException: Index was outside the bounds of the array.,SimpleController.FixedUpdate () (at <a8210e2c524f4006b7abbb82895ebd2e>:0).  
67.32,Exception,IndexOutOfRangeException: Index was outside the bounds of the array.,SimpleController.FixedUpdate () (at <a8210e2c524f4006b7abbb82895ebd2e>:0).  
67.34,Exception,IndexOutOfRangeException: Index was outside the bounds of the array.,SimpleController.FixedUpdate () (at <a8210e2c524f4006b7abbb82895ebd2e>:0).  
67.36,Exception,IndexOutOfRangeException: Index was outside the bounds of the array.,SimpleController.FixedUpdate () (at <a8210e2c524f4006b7abbb82895ebd2e>:0).  
67.38,Exception,IndexOutOfRangeException: Index was outside the bounds of the array.,SimpleController.FixedUpdate () (at <a8210e2c524f4006b7abbb82895ebd2e>:0).  
67.4,Exception,IndexOutOfRangeException: Index was outside the bounds of the array.,SimpleController.FixedUpdate () (at <a8210e2c524f4006b7abbb82895ebd2e>:0).  
67.42,Exception,IndexOutOfRangeException: Index was outside the bounds of the array.,SimpleController.FixedUpdate () (at <a8210e2c524f4006b7abbb82895ebd2e>:0).  
67.43999,Exception,IndexOutOfRangeException: Index was outside the bounds of the array.,SimpleController.FixedUpdate () (at <a8210e2c524f4006b7abbb82895ebd2e>:0).  
67.46,Exception,IndexOutOfRangeException: Index was outside the bounds of the array.,SimpleController.FixedUpdate () (at <a8210e2c524f4006b7abbb82895ebd2e>:0).  
67.48,Exception,IndexOutOfRangeException: Index was outside the bounds of the array.,SimpleController.FixedUpdate () (at <a8210e2c524f4006b7abbb82895ebd2e>:0).  
67.5,Exception,IndexOutOfRangeException: Index was outside the bounds of the array.,SimpleController.FixedUpdate () (at <a8210e2c524f4006b7abbb82895ebd2e>:0).  
67.52,Exception,IndexOutOfRangeException: Index was outside the bounds of the array.,SimpleController.FixedUpdate () (at <a8210e2c524f4006b7abbb82895ebd2e>:0).  
67.54,Exception,IndexOutOfRangeException: Index was outside the bounds of the array.,SimpleController.FixedUpdate () (at <a8210e2c524f4006b7abbb82895ebd2e>:0).  
67.56,Exception,IndexOutOfRangeException: Index was outside the bounds of the array.,SimpleController.FixedUpdate () (at <a8210e2c524f4006b7abbb82895ebd2e>:0).  
67.58,Exception,IndexOutOfRangeException: Index was outside the bounds of the array.,SimpleController.FixedUpdate () (at <a8210e2c524f4006b7abbb82895ebd2e>:0).  
67.6,Exception,IndexOutOfRangeException: Index was outside the bounds of the array.,SimpleController.FixedUpdate () (at <a8210e2c524f4006b7abbb82895ebd2e>:0).  
67.62,Exception,IndexOutOfRangeException: Index was outside the bounds of the array.,SimpleController.FixedUpdate () (at <a8210e2c524f4006b7abbb82895ebd2e>:0).  
67.64,Exception,IndexOutOfRangeException: Index was outside the bounds of the array.,SimpleController.FixedUpdate () (at <a8210e2c524f4006b7abbb82895ebd2e>:0).  
67.66,Exception,IndexOutOfRangeException: Index was outside the bounds of the array.,SimpleController.FixedUpdate () (at <a8210e2c524f4006b7abbb82895ebd2e>:0).  
67.68,Exception,IndexOutOfRangeException: Index was outside the bounds of the array.,SimpleController.FixedUpdate () (at <a8210e2c524f4006b7abbb82895ebd2e>:0).  
67.7,Exception,IndexOutOfRangeException: Index was outside the bounds of the array.,SimpleController.FixedUpdate () (at <a8210e2c524f4006b7abbb82895ebd2e>:0).  
67.72,Exception,IndexOutOfRangeException: Index was outside the bounds of the array.,SimpleController.FixedUpdate () (at <a8210e2c524f4006b7abbb82895ebd2e>:0).  
67.74,Exception,IndexOutOfRangeException: Index was outside the bounds of the array.,SimpleController.FixedUpdate () (at <a8210e2c524f4006b7abbb82895ebd2e>:0).  
67.76,Exception,IndexOutOfRangeException: Index was outside the bounds of the array.,SimpleController.FixedUpdate () (at <a8210e2c524f4006b7abbb82895ebd2e>:0).  
67.78,Exception,IndexOutOfRangeException: Index was outside the bounds of the array.,SimpleController.FixedUpdate () (at <a8210e2c524f4006b7abbb82895ebd2e>:0).  
67.8,Exception,IndexOutOfRangeException: Index was outside the bounds of the array.,SimpleController.FixedUpdate () (at <a8210e2c524f4006b7abbb82895ebd2e>:0).  
67.82,Exception,IndexOutOfRangeException: Index was outside the bounds of the array.,SimpleController.FixedUpdate () (at <a8210e2c524f4006b7abbb82895ebd2e>:0).  
67.84,Exception,IndexOutOfRangeException: Index was outside the bounds of the array.,SimpleController.FixedUpdate () (at <a8210e2c524f4006b7abbb82895ebd2e>:0).  
67.86,Exception,IndexOutOfRangeException: Index was outside the bounds of the array.,SimpleController.FixedUpdate () (at <a8210e2c524f4006b7abbb82895ebd2e>:0).  
67.88,Exception,IndexOutOfRangeException: Index was outside the bounds of the array.,SimpleController.FixedUpdate () (at <a8210e2c524f4006b7abbb82895ebd2e>:0).  
67.9,Exception,IndexOutOfRangeException: Index was outside the bounds of the array.,SimpleController.FixedUpdate () (at <a8210e2c524f4006b7abbb82895ebd2e>:0).  
67.92,Exception,IndexOutOfRangeException: Index was outside the bounds of the array.,SimpleController.FixedUpdate () (at <a8210e2c524f4006b7abbb82895ebd2e>:0).  
67.93999,Exception,IndexOutOfRangeException: Index was outside the bounds of the array.,SimpleController.FixedUpdate () (at <a8210e2c524f4006b7abbb82895ebd2e>:0).  
67.96,Exception,IndexOutOfRangeException: Index was outside the bounds of the array.,SimpleController.FixedUpdate () (at <a8210e2c524f4006b7abbb82895ebd2e>:0).  
67.98,Exception,IndexOutOfRangeException: Index was outside the bounds of the array.,SimpleController.FixedUpdate () (at <a8210e2c524f4006b7abbb82895ebd2e>:0).  
68,Exception,IndexOutOfRangeException: Index was outside the bounds of the array.,SimpleController.FixedUpdate () (at <a8210e2c524f4006b7abbb82895ebd2e>:0).  
68.02,Exception,IndexOutOfRangeException: Index was outside the bounds of the array.,SimpleController.FixedUpdate () (at <a8210e2c524f4006b7abbb82895ebd2e>:0).  
68.04,Exception,IndexOutOfRangeException: Index was outside the bounds of the array.,SimpleController.FixedUpdate () (at <a8210e2c524f4006b7abbb82895ebd2e>:0).  
68.06,Exception,IndexOutOfRangeException: Index was outside the bounds of the array.,SimpleController.FixedUpdate () (at <a8210e2c524f4006b7abbb82895ebd2e>:0).  
68.08,Exception,IndexOutOfRangeException: Index was outside the bounds of the array.,SimpleController.FixedUpdate () (at <a8210e2c524f4006b7abbb82895ebd2e>:0).  
68.1,Exception,IndexOutOfRangeException: Index was outside the bounds of the array.,SimpleController.FixedUpdate () (at <a8210e2c524f4006b7abbb82895ebd2e>:0).  
68.12,Exception,IndexOutOfRangeException: Index was outside the bounds of the array.,SimpleController.FixedUpdate () (at <a8210e2c524f4006b7abbb82895ebd2e>:0).  
68.14,Exception,IndexOutOfRangeException: Index was outside the bounds of the array.,SimpleController.FixedUpdate () (at <a8210e2c524f4006b7abbb82895ebd2e>:0).  
68.16,Exception,IndexOutOfRangeException: Index was outside the bounds of the array.,SimpleController.FixedUpdate () (at <a8210e2c524f4006b7abbb82895ebd2e>:0).  
68.18,Exception,IndexOutOfRangeException: Index was outside the bounds of the array.,SimpleController.FixedUpdate () (at <a8210e2c524f4006b7abbb82895ebd2e>:0).  
68.2,Exception,IndexOutOfRangeException: Index was outside the bounds of the array.,SimpleController.FixedUpdate () (at <a8210e2c524f4006b7abbb82895ebd2e>:0).  
68.22,Exception,IndexOutOfRangeException: Index was outside the bounds of the array.,SimpleController.FixedUpdate () (at <a8210e2c524f4006b7abbb82895ebd2e>:0).  
68.24,Exception,IndexOutOfRangeException: Index was outside the bounds of the array.,SimpleController.FixedUpdate () (at <a8210e2c524f4006b7abbb82895ebd2e>:0).  
68.26,Exception,IndexOutOfRangeException: Index was outside the bounds of the array.,SimpleController.FixedUpdate () (at <a8210e2c524f4006b7abbb82895ebd2e>:0).  
68.28,Exception,IndexOutOfRangeException: Index was outside the bounds of the array.,SimpleController.FixedUpdate () (at <a8210e2c524f4006b7abbb82895ebd2e>:0).  
68.3,Exception,IndexOutOfRangeException: Index was outside the bounds of the array.,SimpleController.FixedUpdate () (at <a8210e2c524f4006b7abbb82895ebd2e>:0).  
68.32,Exception,IndexOutOfRangeException: Index was outside the bounds of the array.,SimpleController.FixedUpdate () (at <a8210e2c524f4006b7abbb82895ebd2e>:0).  
68.34,Exception,IndexOutOfRangeException: Index was outside the bounds of the array.,SimpleController.FixedUpdate () (at <a8210e2c524f4006b7abbb82895ebd2e>:0).  
68.36,Exception,IndexOutOfRangeException: Index was outside the bounds of the array.,SimpleController.FixedUpdate () (at <a8210e2c524f4006b7abbb82895ebd2e>:0).  
68.38,Exception,IndexOutOfRangeException: Index was outside the bounds of the array.,SimpleController.FixedUpdate () (at <a8210e2c524f4006b7abbb82895ebd2e>:0).  
68.4,Exception,IndexOutOfRangeException: Index was outside the bounds of the array.,SimpleController.FixedUpdate () (at <a8210e2c524f4006b7abbb82895ebd2e>:0).  
68.42,Exception,IndexOutOfRangeException: Index was outside the bounds of the array.,SimpleController.FixedUpdate () (at <a8210e2c524f4006b7abbb82895ebd2e>:0).  
68.43999,Exception,IndexOutOfRangeException: Index was outside the bounds of the array.,SimpleController.FixedUpdate () (at <a8210e2c524f4006b7abbb82895ebd2e>:0).  
68.46,Exception,IndexOutOfRangeException: Index was outside the bounds of the array.,SimpleController.FixedUpdate () (at <a8210e2c524f4006b7abbb82895ebd2e>:0).  
68.48,Exception,IndexOutOfRangeException: Index was outside the bounds of the array.,SimpleController.FixedUpdate () (at <a8210e2c524f4006b7abbb82895ebd2e>:0).  
68.5,Exception,IndexOutOfRangeException: Index was outside the bounds of the array.,SimpleController.FixedUpdate () (at <a8210e2c524f4006b7abbb82895ebd2e>:0).  
68.52,Exception,IndexOutOfRangeException: Index was outside the bounds of the array.,SimpleController.FixedUpdate () (at <a8210e2c524f4006b7abbb82895ebd2e>:0).  
68.54,Exception,IndexOutOfRangeException: Index was outside the bounds of the array.,SimpleController.FixedUpdate () (at <a8210e2c524f4006b7abbb82895ebd2e>:0).  
68.56,Exception,IndexOutOfRangeException: Index was outside the bounds of the array.,SimpleController.FixedUpdate () (at <a8210e2c524f4006b7abbb82895ebd2e>:0).  
68.58,Exception,IndexOutOfRangeException: Index was outside the bounds of the array.,SimpleController.FixedUpdate () (at <a8210e2c524f4006b7abbb82895ebd2e>:0).  
68.6,Exception,IndexOutOfRangeException: Index was outside the bounds of the array.,SimpleController.FixedUpdate () (at <a8210e2c524f4006b7abbb82895ebd2e>:0).  
68.62,Exception,IndexOutOfRangeException: Index was outside the bounds of the array.,SimpleController.FixedUpdate () (at <a8210e2c524f4006b7abbb82895ebd2e>:0).  
68.64,Exception,IndexOutOfRangeException: Index was outside the bounds of the array.,SimpleController.FixedUpdate () (at <a8210e2c524f4006b7abbb82895ebd2e>:0).  
68.66,Exception,IndexOutOfRangeException: Index was outside the bounds of the array.,SimpleController.FixedUpdate () (at <a8210e2c524f4006b7abbb82895ebd2e>:0).  
68.68,Exception,IndexOutOfRangeException: Index was outside the bounds of the array.,SimpleController.FixedUpdate () (at <a8210e2c524f4006b7abbb82895ebd2e>:0).  
68.7,Exception,IndexOutOfRangeException: Index was outside the bounds of the array.,SimpleController.FixedUpdate () (at <a8210e2c524f4006b7abbb82895ebd2e>:0).  
68.72,Exception,IndexOutOfRangeException: Index was outside the bounds of the array.,SimpleController.FixedUpdate () (at <a8210e2c524f4006b7abbb82895ebd2e>:0).  
68.74,Exception,IndexOutOfRangeException: Index was outside the bounds of the array.,SimpleController.FixedUpdate () (at <a8210e2c524f4006b7abbb82895ebd2e>:0).  
68.76,Exception,IndexOutOfRangeException: Index was outside the bounds of the array.,SimpleController.FixedUpdate () (at <a8210e2c524f4006b7abbb82895ebd2e>:0).  
68.78,Exception,IndexOutOfRangeException: Index was outside the bounds of the array.,SimpleController.FixedUpdate () (at <a8210e2c524f4006b7abbb82895ebd2e>:0).  
68.8,Exception,IndexOutOfRangeException: Index was outside the bounds of the array.,SimpleController.FixedUpdate () (at <a8210e2c524f4006b7abbb82895ebd2e>:0).  
68.82,Exception,IndexOutOfRangeException: Index was outside the bounds of the array.,SimpleController.FixedUpdate () (at <a8210e2c524f4006b7abbb82895ebd2e>:0).  
68.84,Exception,IndexOutOfRangeException: Index was outside the bounds of the array.,SimpleController.FixedUpdate () (at <a8210e2c524f4006b7abbb82895ebd2e>:0).  
68.86,Exception,IndexOutOfRangeException: Index was outside the bounds of the array.,SimpleController.FixedUpdate () (at <a8210e2c524f4006b7abbb82895ebd2e>:0).  
68.88,Exception,IndexOutOfRangeException: Index was outside the bounds of the array.,SimpleController.FixedUpdate () (at <a8210e2c524f4006b7abbb82895ebd2e>:0).  
68.9,Exception,IndexOutOfRangeException: Index was outside the bounds of the array.,SimpleController.FixedUpdate () (at <a8210e2c524f4006b7abbb82895ebd2e>:0).  
68.92,Exception,IndexOutOfRangeException: Index was outside the bounds of the array.,SimpleController.FixedUpdate () (at <a8210e2c524f4006b7abbb82895ebd2e>:0).  
68.93999,Exception,IndexOutOfRangeException: Index was outside the bounds of the array.,SimpleController.FixedUpdate () (at <a8210e2c524f4006b7abbb82895ebd2e>:0).  
68.96,Exception,IndexOutOfRangeException: Index was outside the bounds of the array.,SimpleController.FixedUpdate () (at <a8210e2c524f4006b7abbb82895ebd2e>:0).  
68.98,Exception,IndexOutOfRangeException: Index was outside the bounds of the array.,SimpleController.FixedUpdate () (at <a8210e2c524f4006b7abbb82895ebd2e>:0).  
69,Exception,IndexOutOfRangeException: Index was outside the bounds of the array.,SimpleController.FixedUpdate () (at <a8210e2c524f4006b7abbb82895ebd2e>:0).  
69.02,Exception,IndexOutOfRangeException: Index was outside the bounds of the array.,SimpleController.FixedUpdate () (at <a8210e2c524f4006b7abbb82895ebd2e>:0).  
69.04,Exception,IndexOutOfRangeException: Index was outside the bounds of the array.,SimpleController.FixedUpdate () (at <a8210e2c524f4006b7abbb82895ebd2e>:0).  
69.06,Exception,IndexOutOfRangeException: Index was outside the bounds of the array.,SimpleController.FixedUpdate () (at <a8210e2c524f4006b7abbb82895ebd2e>:0).  
69.08,Exception,IndexOutOfRangeException: Index was outside the bounds of the array.,SimpleController.FixedUpdate () (at <a8210e2c524f4006b7abbb82895ebd2e>:0).  
69.1,Exception,IndexOutOfRangeException: Index was outside the bounds of the array.,SimpleController.FixedUpdate () (at <a8210e2c524f4006b7abbb82895ebd2e>:0).  
69.12,Exception,IndexOutOfRangeException: Index was outside the bounds of the array.,SimpleController.FixedUpdate () (at <a8210e2c524f4006b7abbb82895ebd2e>:0).  
69.14,Exception,IndexOutOfRangeException: Index was outside the bounds of the array.,SimpleController.FixedUpdate () (at <a8210e2c524f4006b7abbb82895ebd2e>:0).  
69.16,Exception,IndexOutOfRangeException: Index was outside the bounds of the array.,SimpleController.FixedUpdate () (at <a8210e2c524f4006b7abbb82895ebd2e>:0).  
69.18,Exception,IndexOutOfRangeException: Index was outside the bounds of the array.,SimpleController.FixedUpdate () (at <a8210e2c524f4006b7abbb82895ebd2e>:0).  
69.2,Exception,IndexOutOfRangeException: Index was outside the bounds of the array.,SimpleController.FixedUpdate () (at <a8210e2c524f4006b7abbb82895ebd2e>:0).  
69.22,Exception,IndexOutOfRangeException: Index was outside the bounds of the array.,SimpleController.FixedUpdate () (at <a8210e2c524f4006b7abbb82895ebd2e>:0).  
69.24,Exception,IndexOutOfRangeException: Index was outside the bounds of the array.,SimpleController.FixedUpdate () (at <a8210e2c524f4006b7abbb82895ebd2e>:0).  
69.26,Exception,IndexOutOfRangeException: Index was outside the bounds of the array.,SimpleController.FixedUpdate () (at <a8210e2c524f4006b7abbb82895ebd2e>:0).  
69.28,Exception,IndexOutOfRangeException: Index was outside the bounds of the array.,SimpleController.FixedUpdate () (at <a8210e2c524f4006b7abbb82895ebd2e>:0).  
69.3,Exception,IndexOutOfRangeException: Index was outside the bounds of the array.,SimpleController.FixedUpdate () (at <a8210e2c524f4006b7abbb82895ebd2e>:0).  
69.32,Exception,IndexOutOfRangeException: Index was outside the bounds of the array.,SimpleController.FixedUpdate () (at <a8210e2c524f4006b7abbb82895ebd2e>:0).  
69.34,Exception,IndexOutOfRangeException: Index was outside the bounds of the array.,SimpleController.FixedUpdate () (at <a8210e2c524f4006b7abbb82895ebd2e>:0).  
69.36,Exception,IndexOutOfRangeException: Index was outside the bounds of the array.,SimpleController.FixedUpdate () (at <a8210e2c524f4006b7abbb82895ebd2e>:0).  
69.38,Exception,IndexOutOfRangeException: Index was outside the bounds of the array.,SimpleController.FixedUpdate () (at <a8210e2c524f4006b7abbb82895ebd2e>:0).  
69.4,Exception,IndexOutOfRangeException: Index was outside the bounds of the array.,SimpleController.FixedUpdate () (at <a8210e2c524f4006b7abbb82895ebd2e>:0).  
69.42,Exception,IndexOutOfRangeException: Index was outside the bounds of the array.,SimpleController.FixedUpdate () (at <a8210e2c524f4006b7abbb82895ebd2e>:0).  
69.43999,Exception,IndexOutOfRangeException: Index was outside the bounds of the array.,SimpleController.FixedUpdate () (at <a8210e2c524f4006b7abbb82895ebd2e>:0).  
69.46,Exception,IndexOutOfRangeException: Index was outside the bounds of the array.,SimpleController.FixedUpdate () (at <a8210e2c524f4006b7abbb82895ebd2e>:0).  
69.48,Exception,IndexOutOfRangeException: Index was outside the bounds of the array.,SimpleController.FixedUpdate () (at <a8210e2c524f4006b7abbb82895ebd2e>:0).  
69.5,Exception,IndexOutOfRangeException: Index was outside the bounds of the array.,SimpleController.FixedUpdate () (at <a8210e2c524f4006b7abbb82895ebd2e>:0).  
69.52,Exception,IndexOutOfRangeException: Index was outside the bounds of the array.,SimpleController.FixedUpdate () (at <a8210e2c524f4006b7abbb82895ebd2e>:0).  
69.54,Exception,IndexOutOfRangeException: Index was outside the bounds of the array.,SimpleController.FixedUpdate () (at <a8210e2c524f4006b7abbb82895ebd2e>:0).  
69.56,Exception,IndexOutOfRangeException: Index was outside the bounds of the array.,SimpleController.FixedUpdate () (at <a8210e2c524f4006b7abbb82895ebd2e>:0).  
69.58,Exception,IndexOutOfRangeException: Index was outside the bounds of the array.,SimpleController.FixedUpdate () (at <a8210e2c524f4006b7abbb82895ebd2e>:0).  
69.6,Exception,IndexOutOfRangeException: Index was outside the bounds of the array.,SimpleController.FixedUpdate () (at <a8210e2c524f4006b7abbb82895ebd2e>:0).  
69.62,Exception,IndexOutOfRangeException: Index was outside the bounds of the array.,SimpleController.FixedUpdate () (at <a8210e2c524f4006b7abbb82895ebd2e>:0).  
69.64,Exception,IndexOutOfRangeException: Index was outside the bounds of the array.,SimpleController.FixedUpdate () (at <a8210e2c524f4006b7abbb82895ebd2e>:0).  
69.66,Exception,IndexOutOfRangeException: Index was outside the bounds of the array.,SimpleController.FixedUpdate () (at <a8210e2c524f4006b7abbb82895ebd2e>:0).  
69.68,Exception,IndexOutOfRangeException: Index was outside the bounds of the array.,SimpleController.FixedUpdate () (at <a8210e2c524f4006b7abbb82895ebd2e>:0).  
69.7,Exception,IndexOutOfRangeException: Index was outside the bounds of the array.,SimpleController.FixedUpdate () (at <a8210e2c524f4006b7abbb82895ebd2e>:0).  
69.72,Exception,IndexOutOfRangeException: Index was outside the bounds of the array.,SimpleController.FixedUpdate () (at <a8210e2c524f4006b7abbb82895ebd2e>:0).  
69.74,Exception,IndexOutOfRangeException: Index was outside the bounds of the array.,SimpleController.FixedUpdate () (at <a8210e2c524f4006b7abbb82895ebd2e>:0).  
69.76,Exception,IndexOutOfRangeException: Index was outside the bounds of the array.,SimpleController.FixedUpdate () (at <a8210e2c524f4006b7abbb82895ebd2e>:0).  
69.78,Exception,IndexOutOfRangeException: Index was outside the bounds of the array.,SimpleController.FixedUpdate () (at <a8210e2c524f4006b7abbb82895ebd2e>:0).  
69.8,Exception,IndexOutOfRangeException: Index was outside the bounds of the array.,SimpleController.FixedUpdate () (at <a8210e2c524f4006b7abbb82895ebd2e>:0).  
69.82,Exception,IndexOutOfRangeException: Index was outside the bounds of the array.,SimpleController.FixedUpdate () (at <a8210e2c524f4006b7abbb82895ebd2e>:0).  
69.84,Exception,IndexOutOfRangeException: Index was outside the bounds of the array.,SimpleController.FixedUpdate () (at <a8210e2c524f4006b7abbb82895ebd2e>:0).  
69.86,Exception,IndexOutOfRangeException: Index was outside the bounds of the array.,SimpleController.FixedUpdate () (at <a8210e2c524f4006b7abbb82895ebd2e>:0).  
69.88,Exception,IndexOutOfRangeException: Index was outside the bounds of the array.,SimpleController.FixedUpdate () (at <a8210e2c524f4006b7abbb82895ebd2e>:0).  
69.9,Exception,IndexOutOfRangeException: Index was outside the bounds of the array.,SimpleController.FixedUpdate () (at <a8210e2c524f4006b7abbb82895ebd2e>:0).  
69.92,Exception,IndexOutOfRangeException: Index was outside the bounds of the array.,SimpleController.FixedUpdate () (at <a8210e2c524f4006b7abbb82895ebd2e>:0).  
69.93999,Exception,IndexOutOfRangeException: Index was outside the bounds of the array.,SimpleController.FixedUpdate () (at <a8210e2c524f4006b7abbb82895ebd2e>:0).  
69.96,Exception,IndexOutOfRangeException: Index was outside the bounds of the array.,SimpleController.FixedUpdate () (at <a8210e2c524f4006b7abbb82895ebd2e>:0).  
69.98,Exception,IndexOutOfRangeException: Index was outside the bounds of the array.,SimpleController.FixedUpdate () (at <a8210e2c524f4006b7abbb82895ebd2e>:0).  
70,Exception,IndexOutOfRangeException: Index was outside the bounds of the array.,SimpleController.FixedUpdate () (at <a8210e2c524f4006b7abbb82895ebd2e>:0).  
70.02,Exception,IndexOutOfRangeException: Index was outside the bounds of the array.,SimpleController.FixedUpdate () (at <a8210e2c524f4006b7abbb82895ebd2e>:0).  
70.04,Exception,IndexOutOfRangeException: Index was outside the bounds of the array.,SimpleController.FixedUpdate () (at <a8210e2c524f4006b7abbb82895ebd2e>:0).  
70.06,Exception,IndexOutOfRangeException: Index was outside the bounds of the array.,SimpleController.FixedUpdate () (at <a8210e2c524f4006b7abbb82895ebd2e>:0).  
70.08,Exception,IndexOutOfRangeException: Index was outside the bounds of the array.,SimpleController.FixedUpdate () (at <a8210e2c524f4006b7abbb82895ebd2e>:0).  
70.1,Exception,IndexOutOfRangeException: Index was outside the bounds of the array.,SimpleController.FixedUpdate () (at <a8210e2c524f4006b7abbb82895ebd2e>:0).  
70.12,Exception,IndexOutOfRangeException: Index was outside the bounds of the array.,SimpleController.FixedUpdate () (at <a8210e2c524f4006b7abbb82895ebd2e>:0).  
70.14,Exception,IndexOutOfRangeException: Index was outside the bounds of the array.,SimpleController.FixedUpdate () (at <a8210e2c524f4006b7abbb82895ebd2e>:0).  
70.16,Exception,IndexOutOfRangeException: Index was outside the bounds of the array.,SimpleController.FixedUpdate () (at <a8210e2c524f4006b7abbb82895ebd2e>:0).  
70.18,Exception,IndexOutOfRangeException: Index was outside the bounds of the array.,SimpleController.FixedUpdate () (at <a8210e2c524f4006b7abbb82895ebd2e>:0).  
70.2,Exception,IndexOutOfRangeException: Index was outside the bounds of the array.,SimpleController.FixedUpdate () (at <a8210e2c524f4006b7abbb82895ebd2e>:0).  
70.22,Exception,IndexOutOfRangeException: Index was outside the bounds of the array.,SimpleController.FixedUpdate () (at <a8210e2c524f4006b7abbb82895ebd2e>:0).  
70.24,Exception,IndexOutOfRangeException: Index was outside the bounds of the array.,SimpleController.FixedUpdate () (at <a8210e2c524f4006b7abbb82895ebd2e>:0).  
70.26,Exception,IndexOutOfRangeException: Index was outside the bounds of the array.,SimpleController.FixedUpdate () (at <a8210e2c524f4006b7abbb82895ebd2e>:0).  
70.28,Exception,IndexOutOfRangeException: Index was outside the bounds of the array.,SimpleController.FixedUpdate () (at <a8210e2c524f4006b7abbb82895ebd2e>:0).  
70.3,Exception,IndexOutOfRangeException: Index was outside the bounds of the array.,SimpleController.FixedUpdate () (at <a8210e2c524f4006b7abbb82895ebd2e>:0).  
70.32,Exception,IndexOutOfRangeException: Index was outside the bounds of the array.,SimpleController.FixedUpdate () (at <a8210e2c524f4006b7abbb82895ebd2e>:0).  
70.34,Exception,IndexOutOfRangeException: Index was outside the bounds of the array.,SimpleController.FixedUpdate () (at <a8210e2c524f4006b7abbb82895ebd2e>:0).  
70.36,Exception,IndexOutOfRangeException: Index was outside the bounds of the array.,SimpleController.FixedUpdate () (at <a8210e2c524f4006b7abbb82895ebd2e>:0).  
70.38,Exception,IndexOutOfRangeException: Index was outside the bounds of the array.,SimpleController.FixedUpdate () (at <a8210e2c524f4006b7abbb82895ebd2e>:0).  
70.4,Exception,IndexOutOfRangeException: Index was outside the bounds of the array.,SimpleController.FixedUpdate () (at <a8210e2c524f4006b7abbb82895ebd2e>:0).  
70.42,Exception,IndexOutOfRangeException: Index was outside the bounds of the array.,SimpleController.FixedUpdate () (at <a8210e2c524f4006b7abbb82895ebd2e>:0).  
70.43999,Exception,IndexOutOfRangeException: Index was outside the bounds of the array.,SimpleController.FixedUpdate () (at <a8210e2c524f4006b7abbb82895ebd2e>:0).  
70.46,Exception,IndexOutOfRangeException: Index was outside the bounds of the array.,SimpleController.FixedUpdate () (at <a8210e2c524f4006b7abbb82895ebd2e>:0).  
70.48,Exception,IndexOutOfRangeException: Index was outside the bounds of the array.,SimpleController.FixedUpdate () (at <a8210e2c524f4006b7abbb82895ebd2e>:0).  
70.5,Exception,IndexOutOfRangeException: Index was outside the bounds of the array.,SimpleController.FixedUpdate () (at <a8210e2c524f4006b7abbb82895ebd2e>:0).  
70.52,Exception,IndexOutOfRangeException: Index was outside the bounds of the array.,SimpleController.FixedUpdate () (at <a8210e2c524f4006b7abbb82895ebd2e>:0).  
70.54,Exception,IndexOutOfRangeException: Index was outside the bounds of the array.,SimpleController.FixedUpdate () (at <a8210e2c524f4006b7abbb82895ebd2e>:0).  
70.56,Exception,IndexOutOfRangeException: Index was outside the bounds of the array.,SimpleController.FixedUpdate () (at <a8210e2c524f4006b7abbb82895ebd2e>:0).  
70.58,Exception,IndexOutOfRangeException: Index was outside the bounds of the array.,SimpleController.FixedUpdate () (at <a8210e2c524f4006b7abbb82895ebd2e>:0).  
70.6,Exception,IndexOutOfRangeException: Index was outside the bounds of the array.,SimpleController.FixedUpdate () (at <a8210e2c524f4006b7abbb82895ebd2e>:0).  
70.62,Exception,IndexOutOfRangeException: Index was outside the bounds of the array.,SimpleController.FixedUpdate () (at <a8210e2c524f4006b7abbb82895ebd2e>:0).  
70.64,Exception,IndexOutOfRangeException: Index was outside the bounds of the array.,SimpleController.FixedUpdate () (at <a8210e2c524f4006b7abbb82895ebd2e>:0).  
70.66,Exception,IndexOutOfRangeException: Index was outside the bounds of the array.,SimpleController.FixedUpdate () (at <a8210e2c524f4006b7abbb82895ebd2e>:0).  
70.68,Exception,IndexOutOfRangeException: Index was outside the bounds of the array.,SimpleController.FixedUpdate () (at <a8210e2c524f4006b7abbb82895ebd2e>:0).  
70.7,Exception,IndexOutOfRangeException: Index was outside the bounds of the array.,SimpleController.FixedUpdate () (at <a8210e2c524f4006b7abbb82895ebd2e>:0).  
70.72,Exception,IndexOutOfRangeException: Index was outside the bounds of the array.,SimpleController.FixedUpdate () (at <a8210e2c524f4006b7abbb82895ebd2e>:0).  
70.74,Exception,IndexOutOfRangeException: Index was outside the bounds of the array.,SimpleController.FixedUpdate () (at <a8210e2c524f4006b7abbb82895ebd2e>:0).  
70.76,Exception,IndexOutOfRangeException: Index was outside the bounds of the array.,SimpleController.FixedUpdate () (at <a8210e2c524f4006b7abbb82895ebd2e>:0).  
70.78,Exception,IndexOutOfRangeException: Index was outside the bounds of the array.,SimpleController.FixedUpdate () (at <a8210e2c524f4006b7abbb82895ebd2e>:0).  
70.8,Exception,IndexOutOfRangeException: Index was outside the bounds of the array.,SimpleController.FixedUpdate () (at <a8210e2c524f4006b7abbb82895ebd2e>:0).  
70.82,Exception,IndexOutOfRangeException: Index was outside the bounds of the array.,SimpleController.FixedUpdate () (at <a8210e2c524f4006b7abbb82895ebd2e>:0).  
70.84,Exception,IndexOutOfRangeException: Index was outside the bounds of the array.,SimpleController.FixedUpdate () (at <a8210e2c524f4006b7abbb82895ebd2e>:0).  
70.86,Exception,IndexOutOfRangeException: Index was outside the bounds of the array.,SimpleController.FixedUpdate () (at <a8210e2c524f4006b7abbb82895ebd2e>:0).  
70.88,Exception,IndexOutOfRangeException: Index was outside the bounds of the array.,SimpleController.FixedUpdate () (at <a8210e2c524f4006b7abbb82895ebd2e>:0).  
70.9,Exception,IndexOutOfRangeException: Index was outside the bounds of the array.,SimpleController.FixedUpdate () (at <a8210e2c524f4006b7abbb82895ebd2e>:0).  
70.92,Exception,IndexOutOfRangeException: Index was outside the bounds of the array.,SimpleController.FixedUpdate () (at <a8210e2c524f4006b7abbb82895ebd2e>:0).  
70.93999,Exception,IndexOutOfRangeException: Index was outside the bounds of the array.,SimpleController.FixedUpdate () (at <a8210e2c524f4006b7abbb82895ebd2e>:0).  
70.96,Exception,IndexOutOfRangeException: Index was outside the bounds of the array.,SimpleController.FixedUpdate () (at <a8210e2c524f4006b7abbb82895ebd2e>:0).  
70.98,Exception,IndexOutOfRangeException: Index was outside the bounds of the array.,SimpleController.FixedUpdate () (at <a8210e2c524f4006b7abbb82895ebd2e>:0).  
71,Exception,IndexOutOfRangeException: Index was outside the bounds of the array.,SimpleController.FixedUpdate () (at <a8210e2c524f4006b7abbb82895ebd2e>:0).  
71.02,Exception,IndexOutOfRangeException: Index was outside the bounds of the array.,SimpleController.FixedUpdate () (at <a8210e2c524f4006b7abbb82895ebd2e>:0).  
71.04,Exception,IndexOutOfRangeException: Index was outside the bounds of the array.,SimpleController.FixedUpdate () (at <a8210e2c524f4006b7abbb82895ebd2e>:0).  
71.06,Exception,IndexOutOfRangeException: Index was outside the bounds of the array.,SimpleController.FixedUpdate () (at <a8210e2c524f4006b7abbb82895ebd2e>:0).  
71.08,Exception,IndexOutOfRangeException: Index was outside the bounds of the array.,SimpleController.FixedUpdate () (at <a8210e2c524f4006b7abbb82895ebd2e>:0).  
71.1,Exception,IndexOutOfRangeException: Index was outside the bounds of the array.,SimpleController.FixedUpdate () (at <a8210e2c524f4006b7abbb82895ebd2e>:0).  
71.12,Exception,IndexOutOfRangeException: Index was outside the bounds of the array.,SimpleController.FixedUpdate () (at <a8210e2c524f4006b7abbb82895ebd2e>:0).  
71.14,Exception,IndexOutOfRangeException: Index was outside the bounds of the array.,SimpleController.FixedUpdate () (at <a8210e2c524f4006b7abbb82895ebd2e>:0).  
71.16,Exception,IndexOutOfRangeException: Index was outside the bounds of the array.,SimpleController.FixedUpdate () (at <a8210e2c524f4006b7abbb82895ebd2e>:0).  
71.18,Exception,IndexOutOfRangeException: Index was outside the bounds of the array.,SimpleController.FixedUpdate () (at <a8210e2c524f4006b7abbb82895ebd2e>:0).  
71.2,Exception,IndexOutOfRangeException: Index was outside the bounds of the array.,SimpleController.FixedUpdate () (at <a8210e2c524f4006b7abbb82895ebd2e>:0).  
71.22,Exception,IndexOutOfRangeException: Index was outside the bounds of the array.,SimpleController.FixedUpdate () (at <a8210e2c524f4006b7abbb82895ebd2e>:0).  
71.24,Exception,IndexOutOfRangeException: Index was outside the bounds of the array.,SimpleController.FixedUpdate () (at <a8210e2c524f4006b7abbb82895ebd2e>:0).  
71.26,Exception,IndexOutOfRangeException: Index was outside the bounds of the array.,SimpleController.FixedUpdate () (at <a8210e2c524f4006b7abbb82895ebd2e>:0).  
71.28,Exception,IndexOutOfRangeException: Index was outside the bounds of the array.,SimpleController.FixedUpdate () (at <a8210e2c524f4006b7abbb82895ebd2e>:0).  
71.3,Exception,IndexOutOfRangeException: Index was outside the bounds of the array.,SimpleController.FixedUpdate () (at <a8210e2c524f4006b7abbb82895ebd2e>:0).  
71.32,Exception,IndexOutOfRangeException: Index was outside the bounds of the array.,SimpleController.FixedUpdate () (at <a8210e2c524f4006b7abbb82895ebd2e>:0).  
71.34,Exception,IndexOutOfRangeException: Index was outside the bounds of the array.,SimpleController.FixedUpdate () (at <a8210e2c524f4006b7abbb82895ebd2e>:0).  
71.36,Exception,IndexOutOfRangeException: Index was outside the bounds of the array.,SimpleController.FixedUpdate () (at <a8210e2c524f4006b7abbb82895ebd2e>:0).  
71.38,Exception,IndexOutOfRangeException: Index was outside the bounds of the array.,SimpleController.FixedUpdate () (at <a8210e2c524f4006b7abbb82895ebd2e>:0).  
71.4,Exception,IndexOutOfRangeException: Index was outside the bounds of the array.,SimpleController.FixedUpdate () (at <a8210e2c524f4006b7abbb82895ebd2e>:0).  
71.42,Exception,IndexOutOfRangeException: Index was outside the bounds of the array.,SimpleController.FixedUpdate () (at <a8210e2c524f4006b7abbb82895ebd2e>:0).  
71.43999,Exception,IndexOutOfRangeException: Index was outside the bounds of the array.,SimpleController.FixedUpdate () (at <a8210e2c524f4006b7abbb82895ebd2e>:0).  
71.46,Exception,IndexOutOfRangeException: Index was outside the bounds of the array.,SimpleController.FixedUpdate () (at <a8210e2c524f4006b7abbb82895ebd2e>:0).  
71.48,Exception,IndexOutOfRangeException: Index was outside the bounds of the array.,SimpleController.FixedUpdate () (at <a8210e2c524f4006b7abbb82895ebd2e>:0).  
71.5,Exception,IndexOutOfRangeException: Index was outside the bounds of the array.,SimpleController.FixedUpdate () (at <a8210e2c524f4006b7abbb82895ebd2e>:0).  
71.52,Exception,IndexOutOfRangeException: Index was outside the bounds of the array.,SimpleController.FixedUpdate () (at <a8210e2c524f4006b7abbb82895ebd2e>:0).  
71.54,Exception,IndexOutOfRangeException: Index was outside the bounds of the array.,SimpleController.FixedUpdate () (at <a8210e2c524f4006b7abbb82895ebd2e>:0).  
71.56,Exception,IndexOutOfRangeException: Index was outside the bounds of the array.,SimpleController.FixedUpdate () (at <a8210e2c524f4006b7abbb82895ebd2e>:0).  
71.58,Exception,IndexOutOfRangeException: Index was outside the bounds of the array.,SimpleController.FixedUpdate () (at <a8210e2c524f4006b7abbb82895ebd2e>:0).  
71.6,Exception,IndexOutOfRangeException: Index was outside the bounds of the array.,SimpleController.FixedUpdate () (at <a8210e2c524f4006b7abbb82895ebd2e>:0).  
71.62,Exception,IndexOutOfRangeException: Index was outside the bounds of the array.,SimpleController.FixedUpdate () (at <a8210e2c524f4006b7abbb82895ebd2e>:0).  
71.64,Exception,IndexOutOfRangeException: Index was outside the bounds of the array.,SimpleController.FixedUpdate () (at <a8210e2c524f4006b7abbb82895ebd2e>:0).  
71.66,Exception,IndexOutOfRangeException: Index was outside the bounds of the array.,SimpleController.FixedUpdate () (at <a8210e2c524f4006b7abbb82895ebd2e>:0).  
71.68,Exception,IndexOutOfRangeException: Index was outside the bounds of the array.,SimpleController.FixedUpdate () (at <a8210e2c524f4006b7abbb82895ebd2e>:0).  
71.7,Exception,IndexOutOfRangeException: Index was outside the bounds of the array.,SimpleController.FixedUpdate () (at <a8210e2c524f4006b7abbb82895ebd2e>:0).  
71.72,Exception,IndexOutOfRangeException: Index was outside the bounds of the array.,SimpleController.FixedUpdate () (at <a8210e2c524f4006b7abbb82895ebd2e>:0).  
71.74,Exception,IndexOutOfRangeException: Index was outside the bounds of the array.,SimpleController.FixedUpdate () (at <a8210e2c524f4006b7abbb82895ebd2e>:0).  
71.76,Exception,IndexOutOfRangeException: Index was outside the bounds of the array.,SimpleController.FixedUpdate () (at <a8210e2c524f4006b7abbb82895ebd2e>:0).  
71.78,Exception,IndexOutOfRangeException: Index was outside the bounds of the array.,SimpleController.FixedUpdate () (at <a8210e2c524f4006b7abbb82895ebd2e>:0).  
71.8,Exception,IndexOutOfRangeException: Index was outside the bounds of the array.,SimpleController.FixedUpdate () (at <a8210e2c524f4006b7abbb82895ebd2e>:0).  
71.82,Exception,IndexOutOfRangeException: Index was outside the bounds of the array.,SimpleController.FixedUpdate () (at <a8210e2c524f4006b7abbb82895ebd2e>:0).  
71.84,Exception,IndexOutOfRangeException: Index was outside the bounds of the array.,SimpleController.FixedUpdate () (at <a8210e2c524f4006b7abbb82895ebd2e>:0).  
71.86,Exception,IndexOutOfRangeException: Index was outside the bounds of the array.,SimpleController.FixedUpdate () (at <a8210e2c524f4006b7abbb82895ebd2e>:0).  
71.88,Exception,IndexOutOfRangeException: Index was outside the bounds of the array.,SimpleController.FixedUpdate () (at <a8210e2c524f4006b7abbb82895ebd2e>:0).  
71.9,Exception,IndexOutOfRangeException: Index was outside the bounds of the array.,SimpleController.FixedUpdate () (at <a8210e2c524f4006b7abbb82895ebd2e>:0).  
71.92,Exception,IndexOutOfRangeException: Index was outside the bounds of the array.,SimpleController.FixedUpdate () (at <a8210e2c524f4006b7abbb82895ebd2e>:0).  
71.93999,Exception,IndexOutOfRangeException: Index was outside the bounds of the array.,SimpleController.FixedUpdate () (at <a8210e2c524f4006b7abbb82895ebd2e>:0).  
71.96,Exception,IndexOutOfRangeException: Index was outside the bounds of the array.,SimpleController.FixedUpdate () (at <a8210e2c524f4006b7abbb82895ebd2e>:0).  
71.98,Exception,IndexOutOfRangeException: Index was outside the bounds of the array.,SimpleController.FixedUpdate () (at <a8210e2c524f4006b7abbb82895ebd2e>:0).  
72,Exception,IndexOutOfRangeException: Index was outside the bounds of the array.,SimpleController.FixedUpdate () (at <a8210e2c524f4006b7abbb82895ebd2e>:0).  
72.02,Exception,IndexOutOfRangeException: Index was outside the bounds of the array.,SimpleController.FixedUpdate () (at <a8210e2c524f4006b7abbb82895ebd2e>:0).  
72.04,Exception,IndexOutOfRangeException: Index was outside the bounds of the array.,SimpleController.FixedUpdate () (at <a8210e2c524f4006b7abbb82895ebd2e>:0).  
72.06,Exception,IndexOutOfRangeException: Index was outside the bounds of the array.,SimpleController.FixedUpdate () (at <a8210e2c524f4006b7abbb82895ebd2e>:0).  
72.08,Exception,IndexOutOfRangeException: Index was outside the bounds of the array.,SimpleController.FixedUpdate () (at <a8210e2c524f4006b7abbb82895ebd2e>:0).  
72.1,Exception,IndexOutOfRangeException: Index was outside the bounds of the array.,SimpleController.FixedUpdate () (at <a8210e2c524f4006b7abbb82895ebd2e>:0).  
72.12,Exception,IndexOutOfRangeException: Index was outside the bounds of the array.,SimpleController.FixedUpdate () (at <a8210e2c524f4006b7abbb82895ebd2e>:0).  
72.14,Exception,IndexOutOfRangeException: Index was outside the bounds of the array.,SimpleController.FixedUpdate () (at <a8210e2c524f4006b7abbb82895ebd2e>:0).  
72.16,Exception,IndexOutOfRangeException: Index was outside the bounds of the array.,SimpleController.FixedUpdate () (at <a8210e2c524f4006b7abbb82895ebd2e>:0).  
72.18,Exception,IndexOutOfRangeException: Index was outside the bounds of the array.,SimpleController.FixedUpdate () (at <a8210e2c524f4006b7abbb82895ebd2e>:0).  
72.2,Exception,IndexOutOfRangeException: Index was outside the bounds of the array.,SimpleController.FixedUpdate () (at <a8210e2c524f4006b7abbb82895ebd2e>:0).  
72.22,Exception,IndexOutOfRangeException: Index was outside the bounds of the array.,SimpleController.FixedUpdate () (at <a8210e2c524f4006b7abbb82895ebd2e>:0).  
72.24,Exception,IndexOutOfRangeException: Index was outside the bounds of the array.,SimpleController.FixedUpdate () (at <a8210e2c524f4006b7abbb82895ebd2e>:0).  
72.26,Exception,IndexOutOfRangeException: Index was outside the bounds of the array.,SimpleController.FixedUpdate () (at <a8210e2c524f4006b7abbb82895ebd2e>:0).  
72.28,Exception,IndexOutOfRangeException: Index was outside the bounds of the array.,SimpleController.FixedUpdate () (at <a8210e2c524f4006b7abbb82895ebd2e>:0).  
72.3,Exception,IndexOutOfRangeException: Index was outside the bounds of the array.,SimpleController.FixedUpdate () (at <a8210e2c524f4006b7abbb82895ebd2e>:0).  
72.32,Exception,IndexOutOfRangeException: Index was outside the bounds of the array.,SimpleController.FixedUpdate () (at <a8210e2c524f4006b7abbb82895ebd2e>:0).  
72.34,Exception,IndexOutOfRangeException: Index was outside the bounds of the array.,SimpleController.FixedUpdate () (at <a8210e2c524f4006b7abbb82895ebd2e>:0).  
72.36,Exception,IndexOutOfRangeException: Index was outside the bounds of the array.,SimpleController.FixedUpdate () (at <a8210e2c524f4006b7abbb82895ebd2e>:0).  
72.38,Exception,IndexOutOfRangeException: Index was outside the bounds of the array.,SimpleController.FixedUpdate () (at <a8210e2c524f4006b7abbb82895ebd2e>:0).  
72.4,Exception,IndexOutOfRangeException: Index was outside the bounds of the array.,SimpleController.FixedUpdate () (at <a8210e2c524f4006b7abbb82895ebd2e>:0).  
72.42,Exception,IndexOutOfRangeException: Index was outside the bounds of the array.,SimpleController.FixedUpdate () (at <a8210e2c524f4006b7abbb82895ebd2e>:0).  
72.43999,Exception,IndexOutOfRangeException: Index was outside the bounds of the array.,SimpleController.FixedUpdate () (at <a8210e2c524f4006b7abbb82895ebd2e>:0).  
72.46,Exception,IndexOutOfRangeException: Index was outside the bounds of the array.,SimpleController.FixedUpdate () (at <a8210e2c524f4006b7abbb82895ebd2e>:0).  
72.48,Exception,IndexOutOfRangeException: Index was outside the bounds of the array.,SimpleController.FixedUpdate () (at <a8210e2c524f4006b7abbb82895ebd2e>:0).  
72.5,Exception,IndexOutOfRangeException: Index was outside the bounds of the array.,SimpleController.FixedUpdate () (at <a8210e2c524f4006b7abbb82895ebd2e>:0).  
72.52,Exception,IndexOutOfRangeException: Index was outside the bounds of the array.,SimpleController.FixedUpdate () (at <a8210e2c524f4006b7abbb82895ebd2e>:0).  
72.54,Exception,IndexOutOfRangeException: Index was outside the bounds of the array.,SimpleController.FixedUpdate () (at <a8210e2c524f4006b7abbb82895ebd2e>:0).  
72.56,Exception,IndexOutOfRangeException: Index was outside the bounds of the array.,SimpleController.FixedUpdate () (at <a8210e2c524f4006b7abbb82895ebd2e>:0).  
72.58,Exception,IndexOutOfRangeException: Index was outside the bounds of the array.,SimpleController.FixedUpdate () (at <a8210e2c524f4006b7abbb82895ebd2e>:0).  
72.6,Exception,IndexOutOfRangeException: Index was outside the bounds of the array.,SimpleController.FixedUpdate () (at <a8210e2c524f4006b7abbb82895ebd2e>:0).  
72.62,Exception,IndexOutOfRangeException: Index was outside the bounds of the array.,SimpleController.FixedUpdate () (at <a8210e2c524f4006b7abbb82895ebd2e>:0).  
72.64,Exception,IndexOutOfRangeException: Index was outside the bounds of the array.,SimpleController.FixedUpdate () (at <a8210e2c524f4006b7abbb82895ebd2e>:0).  
72.66,Exception,IndexOutOfRangeException: Index was outside the bounds of the array.,SimpleController.FixedUpdate () (at <a8210e2c524f4006b7abbb82895ebd2e>:0).  
72.68,Exception,IndexOutOfRangeException: Index was outside the bounds of the array.,SimpleController.FixedUpdate () (at <a8210e2c524f4006b7abbb82895ebd2e>:0).  
72.7,Exception,IndexOutOfRangeException: Index was outside the bounds of the array.,SimpleController.FixedUpdate () (at <a8210e2c524f4006b7abbb82895ebd2e>:0).  
72.72,Exception,IndexOutOfRangeException: Index was outside the bounds of the array.,SimpleController.FixedUpdate () (at <a8210e2c524f4006b7abbb82895ebd2e>:0).  
72.74,Exception,IndexOutOfRangeException: Index was outside the bounds of the array.,SimpleController.FixedUpdate () (at <a8210e2c524f4006b7abbb82895ebd2e>:0).  
72.76,Exception,IndexOutOfRangeException: Index was outside the bounds of the array.,SimpleController.FixedUpdate () (at <a8210e2c524f4006b7abbb82895ebd2e>:0).  
72.78,Exception,IndexOutOfRangeException: Index was outside the bounds of the array.,SimpleController.FixedUpdate () (at <a8210e2c524f4006b7abbb82895ebd2e>:0).  
72.8,Exception,IndexOutOfRangeException: Index was outside the bounds of the array.,SimpleController.FixedUpdate () (at <a8210e2c524f4006b7abbb82895ebd2e>:0).  
72.82,Exception,IndexOutOfRangeException: Index was outside the bounds of the array.,SimpleController.FixedUpdate () (at <a8210e2c524f4006b7abbb82895ebd2e>:0).  
72.84,Exception,IndexOutOfRangeException: Index was outside the bounds of the array.,SimpleController.FixedUpdate () (at <a8210e2c524f4006b7abbb82895ebd2e>:0).  
72.86,Exception,IndexOutOfRangeException: Index was outside the bounds of the array.,SimpleController.FixedUpdate () (at <a8210e2c524f4006b7abbb82895ebd2e>:0).  
72.88,Exception,IndexOutOfRangeException: Index was outside the bounds of the array.,SimpleController.FixedUpdate () (at <a8210e2c524f4006b7abbb82895ebd2e>:0).  
72.9,Exception,IndexOutOfRangeException: Index was outside the bounds of the array.,SimpleController.FixedUpdate () (at <a8210e2c524f4006b7abbb82895ebd2e>:0).  
72.92,Exception,IndexOutOfRangeException: Index was outside the bounds of the array.,SimpleController.FixedUpdate () (at <a8210e2c524f4006b7abbb82895ebd2e>:0).  
72.93999,Exception,IndexOutOfRangeException: Index was outside the bounds of the array.,SimpleController.FixedUpdate () (at <a8210e2c524f4006b7abbb82895ebd2e>:0).  
72.96,Exception,IndexOutOfRangeException: Index was outside the bounds of the array.,SimpleController.FixedUpdate () (at <a8210e2c524f4006b7abbb82895ebd2e>:0).  
72.98,Exception,IndexOutOfRangeException: Index was outside the bounds of the array.,SimpleController.FixedUpdate () (at <a8210e2c524f4006b7abbb82895ebd2e>:0).  
73,Exception,IndexOutOfRangeException: Index was outside the bounds of the array.,SimpleController.FixedUpdate () (at <a8210e2c524f4006b7abbb82895ebd2e>:0).  
73.02,Exception,IndexOutOfRangeException: Index was outside the bounds of the array.,SimpleController.FixedUpdate () (at <a8210e2c524f4006b7abbb82895ebd2e>:0).  
73.04,Exception,IndexOutOfRangeException: Index was outside the bounds of the array.,SimpleController.FixedUpdate () (at <a8210e2c524f4006b7abbb82895ebd2e>:0).  
73.06,Exception,IndexOutOfRangeException: Index was outside the bounds of the array.,SimpleController.FixedUpdate () (at <a8210e2c524f4006b7abbb82895ebd2e>:0).  
73.08,Exception,IndexOutOfRangeException: Index was outside the bounds of the array.,SimpleController.FixedUpdate () (at <a8210e2c524f4006b7abbb82895ebd2e>:0).  
73.1,Exception,IndexOutOfRangeException: Index was outside the bounds of the array.,SimpleController.FixedUpdate () (at <a8210e2c524f4006b7abbb82895ebd2e>:0).  
73.12,Exception,IndexOutOfRangeException: Index was outside the bounds of the array.,SimpleController.FixedUpdate () (at <a8210e2c524f4006b7abbb82895ebd2e>:0).  
73.14,Exception,IndexOutOfRangeException: Index was outside the bounds of the array.,SimpleController.FixedUpdate () (at <a8210e2c524f4006b7abbb82895ebd2e>:0).  
73.16,Exception,IndexOutOfRangeException: Index was outside the bounds of the array.,SimpleController.FixedUpdate () (at <a8210e2c524f4006b7abbb82895ebd2e>:0).  
73.18,Exception,IndexOutOfRangeException: Index was outside the bounds of the array.,SimpleController.FixedUpdate () (at <a8210e2c524f4006b7abbb82895ebd2e>:0).  
73.2,Exception,IndexOutOfRangeException: Index was outside the bounds of the array.,SimpleController.FixedUpdate () (at <a8210e2c524f4006b7abbb82895ebd2e>:0).  
73.22,Exception,IndexOutOfRangeException: Index was outside the bounds of the array.,SimpleController.FixedUpdate () (at <a8210e2c524f4006b7abbb82895ebd2e>:0).  
73.24,Exception,IndexOutOfRangeException: Index was outside the bounds of the array.,SimpleController.FixedUpdate () (at <a8210e2c524f4006b7abbb82895ebd2e>:0).  
73.26,Exception,IndexOutOfRangeException: Index was outside the bounds of the array.,SimpleController.FixedUpdate () (at <a8210e2c524f4006b7abbb82895ebd2e>:0).  
73.28,Exception,IndexOutOfRangeException: Index was outside the bounds of the array.,SimpleController.FixedUpdate () (at <a8210e2c524f4006b7abbb82895ebd2e>:0).  
73.3,Exception,IndexOutOfRangeException: Index was outside the bounds of the array.,SimpleController.FixedUpdate () (at <a8210e2c524f4006b7abbb82895ebd2e>:0).  
73.32,Exception,IndexOutOfRangeException: Index was outside the bounds of the array.,SimpleController.FixedUpdate () (at <a8210e2c524f4006b7abbb82895ebd2e>:0).  
73.34,Exception,IndexOutOfRangeException: Index was outside the bounds of the array.,SimpleController.FixedUpdate () (at <a8210e2c524f4006b7abbb82895ebd2e>:0).  
73.36,Exception,IndexOutOfRangeException: Index was outside the bounds of the array.,SimpleController.FixedUpdate () (at <a8210e2c524f4006b7abbb82895ebd2e>:0).  
73.38,Exception,IndexOutOfRangeException: Index was outside the bounds of the array.,SimpleController.FixedUpdate () (at <a8210e2c524f4006b7abbb82895ebd2e>:0).  
73.4,Exception,IndexOutOfRangeException: Index was outside the bounds of the array.,SimpleController.FixedUpdate () (at <a8210e2c524f4006b7abbb82895ebd2e>:0).  
73.42,Exception,IndexOutOfRangeException: Index was outside the bounds of the array.,SimpleController.FixedUpdate () (at <a8210e2c524f4006b7abbb82895ebd2e>:0).  
73.43999,Exception,IndexOutOfRangeException: Index was outside the bounds of the array.,SimpleController.FixedUpdate () (at <a8210e2c524f4006b7abbb82895ebd2e>:0).  
73.46,Exception,IndexOutOfRangeException: Index was outside the bounds of the array.,SimpleController.FixedUpdate () (at <a8210e2c524f4006b7abbb82895ebd2e>:0).  
73.48,Exception,IndexOutOfRangeException: Index was outside the bounds of the array.,SimpleController.FixedUpdate () (at <a8210e2c524f4006b7abbb82895ebd2e>:0).  
73.5,Exception,IndexOutOfRangeException: Index was outside the bounds of the array.,SimpleController.FixedUpdate () (at <a8210e2c524f4006b7abbb82895ebd2e>:0).  
73.52,Exception,IndexOutOfRangeException: Index was outside the bounds of the array.,SimpleController.FixedUpdate () (at <a8210e2c524f4006b7abbb82895ebd2e>:0).  
73.54,Exception,IndexOutOfRangeException: Index was outside the bounds of the array.,SimpleController.FixedUpdate () (at <a8210e2c524f4006b7abbb82895ebd2e>:0).  
73.56,Exception,IndexOutOfRangeException: Index was outside the bounds of the array.,SimpleController.FixedUpdate () (at <a8210e2c524f4006b7abbb82895ebd2e>:0).  
73.58,Exception,IndexOutOfRangeException: Index was outside the bounds of the array.,SimpleController.FixedUpdate () (at <a8210e2c524f4006b7abbb82895ebd2e>:0).  
73.6,Exception,IndexOutOfRangeException: Index was outside the bounds of the array.,SimpleController.FixedUpdate () (at <a8210e2c524f4006b7abbb82895ebd2e>:0).  
73.62,Exception,IndexOutOfRangeException: Index was outside the bounds of the array.,SimpleController.FixedUpdate () (at <a8210e2c524f4006b7abbb82895ebd2e>:0).  
73.64,Exception,IndexOutOfRangeException: Index was outside the bounds of the array.,SimpleController.FixedUpdate () (at <a8210e2c524f4006b7abbb82895ebd2e>:0).  
73.66,Exception,IndexOutOfRangeException: Index was outside the bounds of the array.,SimpleController.FixedUpdate () (at <a8210e2c524f4006b7abbb82895ebd2e>:0).  
73.68,Exception,IndexOutOfRangeException: Index was outside the bounds of the array.,SimpleController.FixedUpdate () (at <a8210e2c524f4006b7abbb82895ebd2e>:0).  
73.7,Exception,IndexOutOfRangeException: Index was outside the bounds of the array.,SimpleController.FixedUpdate () (at <a8210e2c524f4006b7abbb82895ebd2e>:0).  
73.72,Exception,IndexOutOfRangeException: Index was outside the bounds of the array.,SimpleController.FixedUpdate () (at <a8210e2c524f4006b7abbb82895ebd2e>:0).  
73.74,Exception,IndexOutOfRangeException: Index was outside the bounds of the array.,SimpleController.FixedUpdate () (at <a8210e2c524f4006b7abbb82895ebd2e>:0).  
73.76,Exception,IndexOutOfRangeException: Index was outside the bounds of the array.,SimpleController.FixedUpdate () (at <a8210e2c524f4006b7abbb82895ebd2e>:0).  
73.78,Exception,IndexOutOfRangeException: Index was outside the bounds of the array.,SimpleController.FixedUpdate () (at <a8210e2c524f4006b7abbb82895ebd2e>:0).  
73.8,Exception,IndexOutOfRangeException: Index was outside the bounds of the array.,SimpleController.FixedUpdate () (at <a8210e2c524f4006b7abbb82895ebd2e>:0).  
73.82,Exception,IndexOutOfRangeException: Index was outside the bounds of the array.,SimpleController.FixedUpdate () (at <a8210e2c524f4006b7abbb82895ebd2e>:0).  
73.84,Exception,IndexOutOfRangeException: Index was outside the bounds of the array.,SimpleController.FixedUpdate () (at <a8210e2c524f4006b7abbb82895ebd2e>:0).  
73.86,Exception,IndexOutOfRangeException: Index was outside the bounds of the array.,SimpleController.FixedUpdate () (at <a8210e2c524f4006b7abbb82895ebd2e>:0).  
73.88,Exception,IndexOutOfRangeException: Index was outside the bounds of the array.,SimpleController.FixedUpdate () (at <a8210e2c524f4006b7abbb82895ebd2e>:0).  
73.9,Exception,IndexOutOfRangeException: Index was outside the bounds of the array.,SimpleController.FixedUpdate () (at <a8210e2c524f4006b7abbb82895ebd2e>:0).  
73.92,Exception,IndexOutOfRangeException: Index was outside the bounds of the array.,SimpleController.FixedUpdate () (at <a8210e2c524f4006b7abbb82895ebd2e>:0).  
73.93999,Exception,IndexOutOfRangeException: Index was outside the bounds of the array.,SimpleController.FixedUpdate () (at <a8210e2c524f4006b7abbb82895ebd2e>:0).  
73.96,Exception,IndexOutOfRangeException: Index was outside the bounds of the array.,SimpleController.FixedUpdate () (at <a8210e2c524f4006b7abbb82895ebd2e>:0).  
73.98,Exception,IndexOutOfRangeException: Index was outside the bounds of the array.,SimpleController.FixedUpdate () (at <a8210e2c524f4006b7abbb82895ebd2e>:0).  
74,Exception,IndexOutOfRangeException: Index was outside the bounds of the array.,SimpleController.FixedUpdate () (at <a8210e2c524f4006b7abbb82895ebd2e>:0).  
74.02,Exception,IndexOutOfRangeException: Index was outside the bounds of the array.,SimpleController.FixedUpdate () (at <a8210e2c524f4006b7abbb82895ebd2e>:0).  
74.04,Exception,IndexOutOfRangeException: Index was outside the bounds of the array.,SimpleController.FixedUpdate () (at <a8210e2c524f4006b7abbb82895ebd2e>:0).  
74.06,Exception,IndexOutOfRangeException: Index was outside the bounds of the array.,SimpleController.FixedUpdate () (at <a8210e2c524f4006b7abbb82895ebd2e>:0).  
74.08,Exception,IndexOutOfRangeException: Index was outside the bounds of the array.,SimpleController.FixedUpdate () (at <a8210e2c524f4006b7abbb82895ebd2e>:0).  
74.1,Exception,IndexOutOfRangeException: Index was outside the bounds of the array.,SimpleController.FixedUpdate () (at <a8210e2c524f4006b7abbb82895ebd2e>:0).  
74.12,Exception,IndexOutOfRangeException: Index was outside the bounds of the array.,SimpleController.FixedUpdate () (at <a8210e2c524f4006b7abbb82895ebd2e>:0).  
74.14,Exception,IndexOutOfRangeException: Index was outside the bounds of the array.,SimpleController.FixedUpdate () (at <a8210e2c524f4006b7abbb82895ebd2e>:0).  
74.16,Exception,IndexOutOfRangeException: Index was outside the bounds of the array.,SimpleController.FixedUpdate () (at <a8210e2c524f4006b7abbb82895ebd2e>:0).  
74.18,Exception,IndexOutOfRangeException: Index was outside the bounds of the array.,SimpleController.FixedUpdate () (at <a8210e2c524f4006b7abbb82895ebd2e>:0).  
74.2,Exception,IndexOutOfRangeException: Index was outside the bounds of the array.,SimpleController.FixedUpdate () (at <a8210e2c524f4006b7abbb82895ebd2e>:0).  
74.22,Exception,IndexOutOfRangeException: Index was outside the bounds of the array.,SimpleController.FixedUpdate () (at <a8210e2c524f4006b7abbb82895ebd2e>:0).  
74.24,Exception,IndexOutOfRangeException: Index was outside the bounds of the array.,SimpleController.FixedUpdate () (at <a8210e2c524f4006b7abbb82895ebd2e>:0).  
74.26,Exception,IndexOutOfRangeException: Index was outside the bounds of the array.,SimpleController.FixedUpdate () (at <a8210e2c524f4006b7abbb82895ebd2e>:0).  
74.28,Exception,IndexOutOfRangeException: Index was outside the bounds of the array.,SimpleController.FixedUpdate () (at <a8210e2c524f4006b7abbb82895ebd2e>:0).  
74.3,Exception,IndexOutOfRangeException: Index was outside the bounds of the array.,SimpleController.FixedUpdate () (at <a8210e2c524f4006b7abbb82895ebd2e>:0).  
74.32,Exception,IndexOutOfRangeException: Index was outside the bounds of the array.,SimpleController.FixedUpdate () (at <a8210e2c524f4006b7abbb82895ebd2e>:0).  
74.34,Exception,IndexOutOfRangeException: Index was outside the bounds of the array.,SimpleController.FixedUpdate () (at <a8210e2c524f4006b7abbb82895ebd2e>:0).  
74.36,Exception,IndexOutOfRangeException: Index was outside the bounds of the array.,SimpleController.FixedUpdate () (at <a8210e2c524f4006b7abbb82895ebd2e>:0).  
74.38,Exception,IndexOutOfRangeException: Index was outside the bounds of the array.,SimpleController.FixedUpdate () (at <a8210e2c524f4006b7abbb82895ebd2e>:0).  
74.4,Exception,IndexOutOfRangeException: Index was outside the bounds of the array.,SimpleController.FixedUpdate () (at <a8210e2c524f4006b7abbb82895ebd2e>:0).  
74.42,Exception,IndexOutOfRangeException: Index was outside the bounds of the array.,SimpleController.FixedUpdate () (at <a8210e2c524f4006b7abbb82895ebd2e>:0).  
74.43999,Exception,IndexOutOfRangeException: Index was outside the bounds of the array.,SimpleController.FixedUpdate () (at <a8210e2c524f4006b7abbb82895ebd2e>:0).  
74.46,Exception,IndexOutOfRangeException: Index was outside the bounds of the array.,SimpleController.FixedUpdate () (at <a8210e2c524f4006b7abbb82895ebd2e>:0).  
74.48,Exception,IndexOutOfRangeException: Index was outside the bounds of the array.,SimpleController.FixedUpdate () (at <a8210e2c524f4006b7abbb82895ebd2e>:0).  
74.5,Exception,IndexOutOfRangeException: Index was outside the bounds of the array.,SimpleController.FixedUpdate () (at <a8210e2c524f4006b7abbb82895ebd2e>:0).  
74.52,Exception,IndexOutOfRangeException: Index was outside the bounds of the array.,SimpleController.FixedUpdate () (at <a8210e2c524f4006b7abbb82895ebd2e>:0).  
74.54,Exception,IndexOutOfRangeException: Index was outside the bounds of the array.,SimpleController.FixedUpdate () (at <a8210e2c524f4006b7abbb82895ebd2e>:0).  
74.56,Exception,IndexOutOfRangeException: Index was outside the bounds of the array.,SimpleController.FixedUpdate () (at <a8210e2c524f4006b7abbb82895ebd2e>:0).  
74.58,Exception,IndexOutOfRangeException: Index was outside the bounds of the array.,SimpleController.FixedUpdate () (at <a8210e2c524f4006b7abbb82895ebd2e>:0).  
74.6,Exception,IndexOutOfRangeException: Index was outside the bounds of the array.,SimpleController.FixedUpdate () (at <a8210e2c524f4006b7abbb82895ebd2e>:0).  
74.62,Exception,IndexOutOfRangeException: Index was outside the bounds of the array.,SimpleController.FixedUpdate () (at <a8210e2c524f4006b7abbb82895ebd2e>:0).  
74.64,Exception,IndexOutOfRangeException: Index was outside the bounds of the array.,SimpleController.FixedUpdate () (at <a8210e2c524f4006b7abbb82895ebd2e>:0).  
74.66,Exception,IndexOutOfRangeException: Index was outside the bounds of the array.,SimpleController.FixedUpdate () (at <a8210e2c524f4006b7abbb82895ebd2e>:0).  
74.68,Exception,IndexOutOfRangeException: Index was outside the bounds of the array.,SimpleController.FixedUpdate () (at <a8210e2c524f4006b7abbb82895ebd2e>:0).  
74.7,Exception,IndexOutOfRangeException: Index was outside the bounds of the array.,SimpleController.FixedUpdate () (at <a8210e2c524f4006b7abbb82895ebd2e>:0).  
74.72,Exception,IndexOutOfRangeException: Index was outside the bounds of the array.,SimpleController.FixedUpdate () (at <a8210e2c524f4006b7abbb82895ebd2e>:0).  
74.74,Exception,IndexOutOfRangeException: Index was outside the bounds of the array.,SimpleController.FixedUpdate () (at <a8210e2c524f4006b7abbb82895ebd2e>:0).  
74.76,Exception,IndexOutOfRangeException: Index was outside the bounds of the array.,SimpleController.FixedUpdate () (at <a8210e2c524f4006b7abbb82895ebd2e>:0).  
74.78,Exception,IndexOutOfRangeException: Index was outside the bounds of the array.,SimpleController.FixedUpdate () (at <a8210e2c524f4006b7abbb82895ebd2e>:0).  
74.8,Exception,IndexOutOfRangeException: Index was outside the bounds of the array.,SimpleController.FixedUpdate () (at <a8210e2c524f4006b7abbb82895ebd2e>:0).  
74.82,Exception,IndexOutOfRangeException: Index was outside the bounds of the array.,SimpleController.FixedUpdate () (at <a8210e2c524f4006b7abbb82895ebd2e>:0).  
74.84,Exception,IndexOutOfRangeException: Index was outside the bounds of the array.,SimpleController.FixedUpdate () (at <a8210e2c524f4006b7abbb82895ebd2e>:0).  
74.86,Exception,IndexOutOfRangeException: Index was outside the bounds of the array.,SimpleController.FixedUpdate () (at <a8210e2c524f4006b7abbb82895ebd2e>:0).  
74.88,Exception,IndexOutOfRangeException: Index was outside the bounds of the array.,SimpleController.FixedUpdate () (at <a8210e2c524f4006b7abbb82895ebd2e>:0).  
74.9,Exception,IndexOutOfRangeException: Index was outside the bounds of the array.,SimpleController.FixedUpdate () (at <a8210e2c524f4006b7abbb82895ebd2e>:0).  
74.92,Exception,IndexOutOfRangeException: Index was outside the bounds of the array.,SimpleController.FixedUpdate () (at <a8210e2c524f4006b7abbb82895ebd2e>:0).  
74.93999,Exception,IndexOutOfRangeException: Index was outside the bounds of the array.,SimpleController.FixedUpdate () (at <a8210e2c524f4006b7abbb82895ebd2e>:0).  
74.96,Exception,IndexOutOfRangeException: Index was outside the bounds of the array.,SimpleController.FixedUpdate () (at <a8210e2c524f4006b7abbb82895ebd2e>:0).  
74.98,Exception,IndexOutOfRangeException: Index was outside the bounds of the array.,SimpleController.FixedUpdate () (at <a8210e2c524f4006b7abbb82895ebd2e>:0).  
75,Exception,IndexOutOfRangeException: Index was outside the bounds of the array.,SimpleController.FixedUpdate () (at <a8210e2c524f4006b7abbb82895ebd2e>:0).  
75.02,Exception,IndexOutOfRangeException: Index was outside the bounds of the array.,SimpleController.FixedUpdate () (at <a8210e2c524f4006b7abbb82895ebd2e>:0).  
75.04,Exception,IndexOutOfRangeException: Index was outside the bounds of the array.,SimpleController.FixedUpdate () (at <a8210e2c524f4006b7abbb82895ebd2e>:0).  
75.06,Exception,IndexOutOfRangeException: Index was outside the bounds of the array.,SimpleController.FixedUpdate () (at <a8210e2c524f4006b7abbb82895ebd2e>:0).  
75.08,Exception,IndexOutOfRangeException: Index was outside the bounds of the array.,SimpleController.FixedUpdate () (at <a8210e2c524f4006b7abbb82895ebd2e>:0).  
75.1,Exception,IndexOutOfRangeException: Index was outside the bounds of the array.,SimpleController.FixedUpdate () (at <a8210e2c524f4006b7abbb82895ebd2e>:0).  
75.12,Exception,IndexOutOfRangeException: Index was outside the bounds of the array.,SimpleController.FixedUpdate () (at <a8210e2c524f4006b7abbb82895ebd2e>:0).  
75.14,Exception,IndexOutOfRangeException: Index was outside the bounds of the array.,SimpleController.FixedUpdate () (at <a8210e2c524f4006b7abbb82895ebd2e>:0).  
75.16,Exception,IndexOutOfRangeException: Index was outside the bounds of the array.,SimpleController.FixedUpdate () (at <a8210e2c524f4006b7abbb82895ebd2e>:0).  
75.18,Exception,IndexOutOfRangeException: Index was outside the bounds of the array.,SimpleController.FixedUpdate () (at <a8210e2c524f4006b7abbb82895ebd2e>:0).  
75.2,Exception,IndexOutOfRangeException: Index was outside the bounds of the array.,SimpleController.FixedUpdate () (at <a8210e2c524f4006b7abbb82895ebd2e>:0).  
75.22,Exception,IndexOutOfRangeException: Index was outside the bounds of the array.,SimpleController.FixedUpdate () (at <a8210e2c524f4006b7abbb82895ebd2e>:0).  
75.24,Exception,IndexOutOfRangeException: Index was outside the bounds of the array.,SimpleController.FixedUpdate () (at <a8210e2c524f4006b7abbb82895ebd2e>:0).  
75.25999,Exception,IndexOutOfRangeException: Index was outside the bounds of the array.,SimpleController.FixedUpdate () (at <a8210e2c524f4006b7abbb82895ebd2e>:0).  
75.28,Exception,IndexOutOfRangeException: Index was outside the bounds of the array.,SimpleController.FixedUpdate () (at <a8210e2c524f4006b7abbb82895ebd2e>:0).  
75.3,Exception,IndexOutOfRangeException: Index was outside the bounds of the array.,SimpleController.FixedUpdate () (at <a8210e2c524f4006b7abbb82895ebd2e>:0).  
75.32,Exception,IndexOutOfRangeException: Index was outside the bounds of the array.,SimpleController.FixedUpdate () (at <a8210e2c524f4006b7abbb82895ebd2e>:0).  
75.34,Exception,IndexOutOfRangeException: Index was outside the bounds of the array.,SimpleController.FixedUpdate () (at <a8210e2c524f4006b7abbb82895ebd2e>:0).  
75.36,Exception,IndexOutOfRangeException: Index was outside the bounds of the array.,SimpleController.FixedUpdate () (at <a8210e2c524f4006b7abbb82895ebd2e>:0).  
75.38,Exception,IndexOutOfRangeException: Index was outside the bounds of the array.,SimpleController.FixedUpdate () (at <a8210e2c524f4006b7abbb82895ebd2e>:0).  
75.4,Exception,IndexOutOfRangeException: Index was outside the bounds of the array.,SimpleController.FixedUpdate () (at <a8210e2c524f4006b7abbb82895ebd2e>:0).  
75.42,Exception,IndexOutOfRangeException: Index was outside the bounds of the array.,SimpleController.FixedUpdate () (at <a8210e2c524f4006b7abbb82895ebd2e>:0).  
75.43999,Exception,IndexOutOfRangeException: Index was outside the bounds of the array.,SimpleController.FixedUpdate () (at <a8210e2c524f4006b7abbb82895ebd2e>:0).  
75.46,Exception,IndexOutOfRangeException: Index was outside the bounds of the array.,SimpleController.FixedUpdate () (at <a8210e2c524f4006b7abbb82895ebd2e>:0).  
75.48,Exception,IndexOutOfRangeException: Index was outside the bounds of the array.,SimpleController.FixedUpdate () (at <a8210e2c524f4006b7abbb82895ebd2e>:0).  
75.5,Exception,IndexOutOfRangeException: Index was outside the bounds of the array.,SimpleController.FixedUpdate () (at <a8210e2c524f4006b7abbb82895ebd2e>:0).  
75.52,Exception,IndexOutOfRangeException: Index was outside the bounds of the array.,SimpleController.FixedUpdate () (at <a8210e2c524f4006b7abbb82895ebd2e>:0).  
75.54,Exception,IndexOutOfRangeException: Index was outside the bounds of the array.,SimpleController.FixedUpdate () (at <a8210e2c524f4006b7abbb82895ebd2e>:0).  
75.56,Exception,IndexOutOfRangeException: Index was outside the bounds of the array.,SimpleController.FixedUpdate () (at <a8210e2c524f4006b7abbb82895ebd2e>:0).  
75.58,Exception,IndexOutOfRangeException: Index was outside the bounds of the array.,SimpleController.FixedUpdate () (at <a8210e2c524f4006b7abbb82895ebd2e>:0).  
75.6,Exception,IndexOutOfRangeException: Index was outside the bounds of the array.,SimpleController.FixedUpdate () (at <a8210e2c524f4006b7abbb82895ebd2e>:0).  
75.62,Exception,IndexOutOfRangeException: Index was outside the bounds of the array.,SimpleController.FixedUpdate () (at <a8210e2c524f4006b7abbb82895ebd2e>:0).  
75.64,Exception,IndexOutOfRangeException: Index was outside the bounds of the array.,SimpleController.FixedUpdate () (at <a8210e2c524f4006b7abbb82895ebd2e>:0).  
75.66,Exception,IndexOutOfRangeException: Index was outside the bounds of the array.,SimpleController.FixedUpdate () (at <a8210e2c524f4006b7abbb82895ebd2e>:0).  
75.68,Exception,IndexOutOfRangeException: Index was outside the bounds of the array.,SimpleController.FixedUpdate () (at <a8210e2c524f4006b7abbb82895ebd2e>:0).  
75.7,Exception,IndexOutOfRangeException: Index was outside the bounds of the array.,SimpleController.FixedUpdate () (at <a8210e2c524f4006b7abbb82895ebd2e>:0).  
75.72,Exception,IndexOutOfRangeException: Index was outside the bounds of the array.,SimpleController.FixedUpdate () (at <a8210e2c524f4006b7abbb82895ebd2e>:0).  
75.74,Exception,IndexOutOfRangeException: Index was outside the bounds of the array.,SimpleController.FixedUpdate () (at <a8210e2c524f4006b7abbb82895ebd2e>:0).  
75.75999,Exception,IndexOutOfRangeException: Index was outside the bounds of the array.,SimpleController.FixedUpdate () (at <a8210e2c524f4006b7abbb82895ebd2e>:0).  
75.78,Exception,IndexOutOfRangeException: Index was outside the bounds of the array.,SimpleController.FixedUpdate () (at <a8210e2c524f4006b7abbb82895ebd2e>:0).  
75.8,Exception,IndexOutOfRangeException: Index was outside the bounds of the array.,SimpleController.FixedUpdate () (at <a8210e2c524f4006b7abbb82895ebd2e>:0).  
75.82,Exception,IndexOutOfRangeException: Index was outside the bounds of the array.,SimpleController.FixedUpdate () (at <a8210e2c524f4006b7abbb82895ebd2e>:0).  
75.84,Exception,IndexOutOfRangeException: Index was outside the bounds of the array.,SimpleController.FixedUpdate () (at <a8210e2c524f4006b7abbb82895ebd2e>:0).  
75.86,Exception,IndexOutOfRangeException: Index was outside the bounds of the array.,SimpleController.FixedUpdate () (at <a8210e2c524f4006b7abbb82895ebd2e>:0).  
75.88,Exception,IndexOutOfRangeException: Index was outside the bounds of the array.,SimpleController.FixedUpdate () (at <a8210e2c524f4006b7abbb82895ebd2e>:0).  
75.9,Exception,IndexOutOfRangeException: Index was outside the bounds of the array.,SimpleController.FixedUpdate () (at <a8210e2c524f4006b7abbb82895ebd2e>:0).  
75.92,Exception,IndexOutOfRangeException: Index was outside the bounds of the array.,SimpleController.FixedUpdate () (at <a8210e2c524f4006b7abbb82895ebd2e>:0).  
75.93999,Exception,IndexOutOfRangeException: Index was outside the bounds of the array.,SimpleController.FixedUpdate () (at <a8210e2c524f4006b7abbb82895ebd2e>:0).  
75.96,Exception,IndexOutOfRangeException: Index was outside the bounds of the array.,SimpleController.FixedUpdate () (at <a8210e2c524f4006b7abbb82895ebd2e>:0).  
75.98,Exception,IndexOutOfRangeException: Index was outside the bounds of the array.,SimpleController.FixedUpdate () (at <a8210e2c524f4006b7abbb82895ebd2e>:0).  
76,Exception,IndexOutOfRangeException: Index was outside the bounds of the array.,SimpleController.FixedUpdate () (at <a8210e2c524f4006b7abbb82895ebd2e>:0).  
76.02,Exception,IndexOutOfRangeException: Index was outside the bounds of the array.,SimpleController.FixedUpdate () (at <a8210e2c524f4006b7abbb82895ebd2e>:0).  
76.04,Exception,IndexOutOfRangeException: Index was outside the bounds of the array.,SimpleController.FixedUpdate () (at <a8210e2c524f4006b7abbb82895ebd2e>:0).  
76.06,Exception,IndexOutOfRangeException: Index was outside the bounds of the array.,SimpleController.FixedUpdate () (at <a8210e2c524f4006b7abbb82895ebd2e>:0).  
76.08,Exception,IndexOutOfRangeException: Index was outside the bounds of the array.,SimpleController.FixedUpdate () (at <a8210e2c524f4006b7abbb82895ebd2e>:0).  
76.1,Exception,IndexOutOfRangeException: Index was outside the bounds of the array.,SimpleController.FixedUpdate () (at <a8210e2c524f4006b7abbb82895ebd2e>:0).  
76.12,Exception,IndexOutOfRangeException: Index was outside the bounds of the array.,SimpleController.FixedUpdate () (at <a8210e2c524f4006b7abbb82895ebd2e>:0).  
76.14,Exception,IndexOutOfRangeException: Index was outside the bounds of the array.,SimpleController.FixedUpdate () (at <a8210e2c524f4006b7abbb82895ebd2e>:0).  
76.16,Exception,IndexOutOfRangeException: Index was outside the bounds of the array.,SimpleController.FixedUpdate () (at <a8210e2c524f4006b7abbb82895ebd2e>:0).  
76.18,Exception,IndexOutOfRangeException: Index was outside the bounds of the array.,SimpleController.FixedUpdate () (at <a8210e2c524f4006b7abbb82895ebd2e>:0).  
76.2,Exception,IndexOutOfRangeException: Index was outside the bounds of the array.,SimpleController.FixedUpdate () (at <a8210e2c524f4006b7abbb82895ebd2e>:0).  
76.22,Exception,IndexOutOfRangeException: Index was outside the bounds of the array.,SimpleController.FixedUpdate () (at <a8210e2c524f4006b7abbb82895ebd2e>:0).  
76.24,Exception,IndexOutOfRangeException: Index was outside the bounds of the array.,SimpleController.FixedUpdate () (at <a8210e2c524f4006b7abbb82895ebd2e>:0).  
76.25999,Exception,IndexOutOfRangeException: Index was outside the bounds of the array.,SimpleController.FixedUpdate () (at <a8210e2c524f4006b7abbb82895ebd2e>:0).  
76.28,Exception,IndexOutOfRangeException: Index was outside the bounds of the array.,SimpleController.FixedUpdate () (at <a8210e2c524f4006b7abbb82895ebd2e>:0).  
76.3,Exception,IndexOutOfRangeException: Index was outside the bounds of the array.,SimpleController.FixedUpdate () (at <a8210e2c524f4006b7abbb82895ebd2e>:0).  
76.32,Exception,IndexOutOfRangeException: Index was outside the bounds of the array.,SimpleController.FixedUpdate () (at <a8210e2c524f4006b7abbb82895ebd2e>:0).  
76.34,Exception,IndexOutOfRangeException: Index was outside the bounds of the array.,SimpleController.FixedUpdate () (at <a8210e2c524f4006b7abbb82895ebd2e>:0).  
76.36,Exception,IndexOutOfRangeException: Index was outside the bounds of the array.,SimpleController.FixedUpdate () (at <a8210e2c524f4006b7abbb82895ebd2e>:0).  
76.38,Exception,IndexOutOfRangeException: Index was outside the bounds of the array.,SimpleController.FixedUpdate () (at <a8210e2c524f4006b7abbb82895ebd2e>:0).  
76.4,Exception,IndexOutOfRangeException: Index was outside the bounds of the array.,SimpleController.FixedUpdate () (at <a8210e2c524f4006b7abbb82895ebd2e>:0).  
76.42,Exception,IndexOutOfRangeException: Index was outside the bounds of the array.,SimpleController.FixedUpdate () (at <a8210e2c524f4006b7abbb82895ebd2e>:0).  
76.43999,Exception,IndexOutOfRangeException: Index was outside the bounds of the array.,SimpleController.FixedUpdate () (at <a8210e2c524f4006b7abbb82895ebd2e>:0).  
76.46,Exception,IndexOutOfRangeException: Index was outside the bounds of the array.,SimpleController.FixedUpdate () (at <a8210e2c524f4006b7abbb82895ebd2e>:0).  
76.48,Exception,IndexOutOfRangeException: Index was outside the bounds of the array.,SimpleController.FixedUpdate () (at <a8210e2c524f4006b7abbb82895ebd2e>:0).  
76.5,Exception,IndexOutOfRangeException: Index was outside the bounds of the array.,SimpleController.FixedUpdate () (at <a8210e2c524f4006b7abbb82895ebd2e>:0).  
76.52,Exception,IndexOutOfRangeException: Index was outside the bounds of the array.,SimpleController.FixedUpdate () (at <a8210e2c524f4006b7abbb82895ebd2e>:0).  
76.54,Exception,IndexOutOfRangeException: Index was outside the bounds of the array.,SimpleController.FixedUpdate () (at <a8210e2c524f4006b7abbb82895ebd2e>:0).  
76.56,Exception,IndexOutOfRangeException: Index was outside the bounds of the array.,SimpleController.FixedUpdate () (at <a8210e2c524f4006b7abbb82895ebd2e>:0).  
76.58,Exception,IndexOutOfRangeException: Index was outside the bounds of the array.,SimpleController.FixedUpdate () (at <a8210e2c524f4006b7abbb82895ebd2e>:0).  
76.6,Exception,IndexOutOfRangeException: Index was outside the bounds of the array.,SimpleController.FixedUpdate () (at <a8210e2c524f4006b7abbb82895ebd2e>:0).  
76.62,Exception,IndexOutOfRangeException: Index was outside the bounds of the array.,SimpleController.FixedUpdate () (at <a8210e2c524f4006b7abbb82895ebd2e>:0).  
76.64,Exception,IndexOutOfRangeException: Index was outside the bounds of the array.,SimpleController.FixedUpdate () (at <a8210e2c524f4006b7abbb82895ebd2e>:0).  
76.66,Exception,IndexOutOfRangeException: Index was outside the bounds of the array.,SimpleController.FixedUpdate () (at <a8210e2c524f4006b7abbb82895ebd2e>:0).  
76.68,Exception,IndexOutOfRangeException: Index was outside the bounds of the array.,SimpleController.FixedUpdate () (at <a8210e2c524f4006b7abbb82895ebd2e>:0).  
76.7,Exception,IndexOutOfRangeException: Index was outside the bounds of the array.,SimpleController.FixedUpdate () (at <a8210e2c524f4006b7abbb82895ebd2e>:0).  
76.72,Exception,IndexOutOfRangeException: Index was outside the bounds of the array.,SimpleController.FixedUpdate () (at <a8210e2c524f4006b7abbb82895ebd2e>:0).  
76.74,Exception,IndexOutOfRangeException: Index was outside the bounds of the array.,SimpleController.FixedUpdate () (at <a8210e2c524f4006b7abbb82895ebd2e>:0).  
76.75999,Exception,IndexOutOfRangeException: Index was outside the bounds of the array.,SimpleController.FixedUpdate () (at <a8210e2c524f4006b7abbb82895ebd2e>:0).  
76.78,Exception,IndexOutOfRangeException: Index was outside the bounds of the array.,SimpleController.FixedUpdate () (at <a8210e2c524f4006b7abbb82895ebd2e>:0).  
76.8,Exception,IndexOutOfRangeException: Index was outside the bounds of the array.,SimpleController.FixedUpdate () (at <a8210e2c524f4006b7abbb82895ebd2e>:0).  
76.82,Exception,IndexOutOfRangeException: Index was outside the bounds of the array.,SimpleController.FixedUpdate () (at <a8210e2c524f4006b7abbb82895ebd2e>:0).  
76.84,Exception,IndexOutOfRangeException: Index was outside the bounds of the array.,SimpleController.FixedUpdate () (at <a8210e2c524f4006b7abbb82895ebd2e>:0).  
76.86,Exception,IndexOutOfRangeException: Index was outside the bounds of the array.,SimpleController.FixedUpdate () (at <a8210e2c524f4006b7abbb82895ebd2e>:0).  
76.88,Exception,IndexOutOfRangeException: Index was outside the bounds of the array.,SimpleController.FixedUpdate () (at <a8210e2c524f4006b7abbb82895ebd2e>:0).  
76.9,Exception,IndexOutOfRangeException: Index was outside the bounds of the array.,SimpleController.FixedUpdate () (at <a8210e2c524f4006b7abbb82895ebd2e>:0).  
76.92,Exception,IndexOutOfRangeException: Index was outside the bounds of the array.,SimpleController.FixedUpdate () (at <a8210e2c524f4006b7abbb82895ebd2e>:0).  
76.93999,Exception,IndexOutOfRangeException: Index was outside the bounds of the array.,SimpleController.FixedUpdate () (at <a8210e2c524f4006b7abbb82895ebd2e>:0).  
76.96,Exception,IndexOutOfRangeException: Index was outside the bounds of the array.,SimpleController.FixedUpdate () (at <a8210e2c524f4006b7abbb82895ebd2e>:0).  
76.98,Exception,IndexOutOfRangeException: Index was outside the bounds of the array.,SimpleController.FixedUpdate () (at <a8210e2c524f4006b7abbb82895ebd2e>:0).  
77,Exception,IndexOutOfRangeException: Index was outside the bounds of the array.,SimpleController.FixedUpdate () (at <a8210e2c524f4006b7abbb82895ebd2e>:0).  
77.02,Exception,IndexOutOfRangeException: Index was outside the bounds of the array.,SimpleController.FixedUpdate () (at <a8210e2c524f4006b7abbb82895ebd2e>:0).  
77.04,Exception,IndexOutOfRangeException: Index was outside the bounds of the array.,SimpleController.FixedUpdate () (at <a8210e2c524f4006b7abbb82895ebd2e>:0).  
77.06,Exception,IndexOutOfRangeException: Index was outside the bounds of the array.,SimpleController.FixedUpdate () (at <a8210e2c524f4006b7abbb82895ebd2e>:0).  
77.08,Exception,IndexOutOfRangeException: Index was outside the bounds of the array.,SimpleController.FixedUpdate () (at <a8210e2c524f4006b7abbb82895ebd2e>:0).  
77.1,Exception,IndexOutOfRangeException: Index was outside the bounds of the array.,SimpleController.FixedUpdate () (at <a8210e2c524f4006b7abbb82895ebd2e>:0).  
77.12,Exception,IndexOutOfRangeException: Index was outside the bounds of the array.,SimpleController.FixedUpdate () (at <a8210e2c524f4006b7abbb82895ebd2e>:0).  
77.14,Exception,IndexOutOfRangeException: Index was outside the bounds of the array.,SimpleController.FixedUpdate () (at <a8210e2c524f4006b7abbb82895ebd2e>:0).  
77.16,Exception,IndexOutOfRangeException: Index was outside the bounds of the array.,SimpleController.FixedUpdate () (at <a8210e2c524f4006b7abbb82895ebd2e>:0).  
77.18,Exception,IndexOutOfRangeException: Index was outside the bounds of the array.,SimpleController.FixedUpdate () (at <a8210e2c524f4006b7abbb82895ebd2e>:0).  
77.2,Exception,IndexOutOfRangeException: Index was outside the bounds of the array.,SimpleController.FixedUpdate () (at <a8210e2c524f4006b7abbb82895ebd2e>:0).  
77.22,Exception,IndexOutOfRangeException: Index was outside the bounds of the array.,SimpleController.FixedUpdate () (at <a8210e2c524f4006b7abbb82895ebd2e>:0).  
77.24,Exception,IndexOutOfRangeException: Index was outside the bounds of the array.,SimpleController.FixedUpdate () (at <a8210e2c524f4006b7abbb82895ebd2e>:0).  
77.25999,Exception,IndexOutOfRangeException: Index was outside the bounds of the array.,SimpleController.FixedUpdate () (at <a8210e2c524f4006b7abbb82895ebd2e>:0).  
77.28,Exception,IndexOutOfRangeException: Index was outside the bounds of the array.,SimpleController.FixedUpdate () (at <a8210e2c524f4006b7abbb82895ebd2e>:0).  
77.3,Exception,IndexOutOfRangeException: Index was outside the bounds of the array.,SimpleController.FixedUpdate () (at <a8210e2c524f4006b7abbb82895ebd2e>:0).  
77.32,Exception,IndexOutOfRangeException: Index was outside the bounds of the array.,SimpleController.FixedUpdate () (at <a8210e2c524f4006b7abbb82895ebd2e>:0).  
77.34,Exception,IndexOutOfRangeException: Index was outside the bounds of the array.,SimpleController.FixedUpdate () (at <a8210e2c524f4006b7abbb82895ebd2e>:0).  
77.36,Exception,IndexOutOfRangeException: Index was outside the bounds of the array.,SimpleController.FixedUpdate () (at <a8210e2c524f4006b7abbb82895ebd2e>:0).  
77.38,Exception,IndexOutOfRangeException: Index was outside the bounds of the array.,SimpleController.FixedUpdate () (at <a8210e2c524f4006b7abbb82895ebd2e>:0).  
77.4,Exception,IndexOutOfRangeException: Index was outside the bounds of the array.,SimpleController.FixedUpdate () (at <a8210e2c524f4006b7abbb82895ebd2e>:0).  
77.42,Exception,IndexOutOfRangeException: Index was outside the bounds of the array.,SimpleController.FixedUpdate () (at <a8210e2c524f4006b7abbb82895ebd2e>:0).  
77.43999,Exception,IndexOutOfRangeException: Index was outside the bounds of the array.,SimpleController.FixedUpdate () (at <a8210e2c524f4006b7abbb82895ebd2e>:0).  
77.46,Exception,IndexOutOfRangeException: Index was outside the bounds of the array.,SimpleController.FixedUpdate () (at <a8210e2c524f4006b7abbb82895ebd2e>:0).  
77.48,Exception,IndexOutOfRangeException: Index was outside the bounds of the array.,SimpleController.FixedUpdate () (at <a8210e2c524f4006b7abbb82895ebd2e>:0).  
77.5,Exception,IndexOutOfRangeException: Index was outside the bounds of the array.,SimpleController.FixedUpdate () (at <a8210e2c524f4006b7abbb82895ebd2e>:0).  
77.52,Exception,IndexOutOfRangeException: Index was outside the bounds of the array.,SimpleController.FixedUpdate () (at <a8210e2c524f4006b7abbb82895ebd2e>:0).  
77.54,Exception,IndexOutOfRangeException: Index was outside the bounds of the array.,SimpleController.FixedUpdate () (at <a8210e2c524f4006b7abbb82895ebd2e>:0).  
77.56,Exception,IndexOutOfRangeException: Index was outside the bounds of the array.,SimpleController.FixedUpdate () (at <a8210e2c524f4006b7abbb82895ebd2e>:0).  
77.58,Exception,IndexOutOfRangeException: Index was outside the bounds of the array.,SimpleController.FixedUpdate () (at <a8210e2c524f4006b7abbb82895ebd2e>:0).  
77.6,Exception,IndexOutOfRangeException: Index was outside the bounds of the array.,SimpleController.FixedUpdate () (at <a8210e2c524f4006b7abbb82895ebd2e>:0).  
77.62,Exception,IndexOutOfRangeException: Index was outside the bounds of the array.,SimpleController.FixedUpdate () (at <a8210e2c524f4006b7abbb82895ebd2e>:0).  
77.64,Exception,IndexOutOfRangeException: Index was outside the bounds of the array.,SimpleController.FixedUpdate () (at <a8210e2c524f4006b7abbb82895ebd2e>:0).  
77.66,Exception,IndexOutOfRangeException: Index was outside the bounds of the array.,SimpleController.FixedUpdate () (at <a8210e2c524f4006b7abbb82895ebd2e>:0).  
77.68,Exception,IndexOutOfRangeException: Index was outside the bounds of the array.,SimpleController.FixedUpdate () (at <a8210e2c524f4006b7abbb82895ebd2e>:0).  
77.7,Exception,IndexOutOfRangeException: Index was outside the bounds of the array.,SimpleController.FixedUpdate () (at <a8210e2c524f4006b7abbb82895ebd2e>:0).  
77.72,Exception,IndexOutOfRangeException: Index was outside the bounds of the array.,SimpleController.FixedUpdate () (at <a8210e2c524f4006b7abbb82895ebd2e>:0).  
77.74,Exception,IndexOutOfRangeException: Index was outside the bounds of the array.,SimpleController.FixedUpdate () (at <a8210e2c524f4006b7abbb82895ebd2e>:0).  
77.75999,Exception,IndexOutOfRangeException: Index was outside the bounds of the array.,SimpleController.FixedUpdate () (at <a8210e2c524f4006b7abbb82895ebd2e>:0).  
77.78,Exception,IndexOutOfRangeException: Index was outside the bounds of the array.,SimpleController.FixedUpdate () (at <a8210e2c524f4006b7abbb82895ebd2e>:0).  
77.8,Exception,IndexOutOfRangeException: Index was outside the bounds of the array.,SimpleController.FixedUpdate () (at <a8210e2c524f4006b7abbb82895ebd2e>:0).  
77.82,Exception,IndexOutOfRangeException: Index was outside the bounds of the array.,SimpleController.FixedUpdate () (at <a8210e2c524f4006b7abbb82895ebd2e>:0).  
77.84,Exception,IndexOutOfRangeException: Index was outside the bounds of the array.,SimpleController.FixedUpdate () (at <a8210e2c524f4006b7abbb82895ebd2e>:0).  
77.86,Exception,IndexOutOfRangeException: Index was outside the bounds of the array.,SimpleController.FixedUpdate () (at <a8210e2c524f4006b7abbb82895ebd2e>:0).  
77.88,Exception,IndexOutOfRangeException: Index was outside the bounds of the array.,SimpleController.FixedUpdate () (at <a8210e2c524f4006b7abbb82895ebd2e>:0).  
77.9,Exception,IndexOutOfRangeException: Index was outside the bounds of the array.,SimpleController.FixedUpdate () (at <a8210e2c524f4006b7abbb82895ebd2e>:0).  
77.92,Exception,IndexOutOfRangeException: Index was outside the bounds of the array.,SimpleController.FixedUpdate () (at <a8210e2c524f4006b7abbb82895ebd2e>:0).  
77.93999,Exception,IndexOutOfRangeException: Index was outside the bounds of the array.,SimpleController.FixedUpdate () (at <a8210e2c524f4006b7abbb82895ebd2e>:0).  
77.96,Exception,IndexOutOfRangeException: Index was outside the bounds of the array.,SimpleController.FixedUpdate () (at <a8210e2c524f4006b7abbb82895ebd2e>:0).  
77.98,Exception,IndexOutOfRangeException: Index was outside the bounds of the array.,SimpleController.FixedUpdate () (at <a8210e2c524f4006b7abbb82895ebd2e>:0).  
78,Exception,IndexOutOfRangeException: Index was outside the bounds of the array.,SimpleController.FixedUpdate () (at <a8210e2c524f4006b7abbb82895ebd2e>:0).  
78.02,Exception,IndexOutOfRangeException: Index was outside the bounds of the array.,SimpleController.FixedUpdate () (at <a8210e2c524f4006b7abbb82895ebd2e>:0).  
78.02685,Log,Ending trial,
